-0.2 -0.162113 424153
-0.19 -0.177585 406993
-0.18 -0.19392 389929
-0.17 -0.21106 372904
-0.16 -0.228985 355914
-0.15 -0.247817 338943
-0.14 -0.267518 321831
-0.13 -0.288119 304543
-0.12 -0.30969 287314
-0.11 -0.332455 270065
-0.1 -0.356325 252492
-0.09 -0.381369 234284
-0.08 -0.407663 215066
-0.07 -0.4356 194220
-0.06 -0.465116 170617
-0.05 -0.496463 143297
-0.04 -0.532925 113937
-0.03 -0.578533 86438.4
-0.02 -0.63612 60122.1
-0.01 -0.727654 27556.8
3.1225e-17 -1.315 2.66604e-25
0.01 -0.72711 27556
0.02 -0.635301 60123.5
0.03 -0.577675 86435.4
0.04 -0.532378 113943
0.05 -0.49605 143296
0.06 -0.464796 170618
0.07 -0.43528 194219
0.08 -0.407178 215063
0.09 -0.381072 234286
0.1 -0.356253 252493
0.11 -0.332633 270064
0.12 -0.310045 287315
0.13 -0.288551 304544
0.14 -0.268074 321830
0.15 -0.248535 338943
0.16 -0.229883 355914
0.17 -0.211979 372905
0.18 -0.194858 389932
0.19 -0.178599 406993
0.2 -0.163152 424155
