-40 -0.189375 370786
-38 -0.203389 357666
-36 -0.218114 344643
-34 -0.233588 331670
-32 -0.250047 318328
-30 -0.267401 304630
-28 -0.285915 290680
-26 -0.305466 276349
-24 -0.325804 261626
-22 -0.347178 246501
-20 -0.369692 230778
-18 -0.393291 213731
-16 -0.417984 194624
-14 -0.444689 174518
-12 -0.472888 152441
-10 -0.503974 128610
-8 -0.540235 104435
-6 -0.584232 80152.1
-4 -0.641679 54923
-2 -0.734699 24484.5
0 -1.315 0
2 -0.734911 24484.5
4 -0.642114 54923
6 -0.584727 80152.2
8 -0.540617 104435
10 -0.504258 128610
12 -0.472982 152441
14 -0.444597 174518
16 -0.417839 194624
18 -0.392939 213731
20 -0.36928 230778
22 -0.346785 246501
24 -0.325348 261626
26 -0.304991 276349
28 -0.285358 290680
30 -0.266885 304630
32 -0.249414 318328
34 -0.232914 331670
36 -0.217424 344643
38 -0.202687 357666
40 -0.188691 370786
