-40 -0.295837 305167
-38 -0.308572 294842
-36 -0.321746 284505
-34 -0.335446 274024
-32 -0.349719 263144
-30 -0.364803 251997
-28 -0.380663 240522
-26 -0.397229 228492
-24 -0.414364 215797
-22 -0.431983 202199
-20 -0.450104 187466
-18 -0.468974 171686
-16 -0.488481 154588
-14 -0.510176 137086
-12 -0.534142 119105
-10 -0.5621 100564
-8 -0.594455 81727
-6 -0.633637 62411.9
-4 -0.68579 42028.1
-2 -0.775084 17463.1
0 -1.315 0
2 -0.77471 17463.1
4 -0.685263 42028.1
6 -0.632539 62411.9
8 -0.593054 81727
10 -0.560713 100564
12 -0.532728 119105
14 -0.50868 137086
16 -0.486815 154588
18 -0.466971 171687
20 -0.4479 187466
22 -0.429566 202199
24 -0.411832 215797
26 -0.394541 228492
28 -0.377815 240522
30 -0.361802 251997
32 -0.346658 263145
34 -0.3323 274024
36 -0.318483 284505
38 -0.305169 294842
40 -0.292337 305169
