9.706484894415928011e+01 2.877855075958524935e+02
4.525459023734890707e+01 1.643227634434531410e+02
3.974286058768819885e+01 2.866831616659203519e+02
2.701331599435047792e+02 3.583356471115092177e+02
3.043058837714009996e+02 4.399092459264873582e+02
3.098176134210616510e+02 2.977066209652417115e+02
4.090287471149539442e+02 2.999113128251059948e+02
4.101310930448860290e+02 4.343975162768266500e+02
4.024146715353610944e+02 4.906171587033655896e+02
3.759583692169898086e+02 4.024294843087947129e+02
3.373762616693650216e+02 3.980201005890661463e+02
3.561161424782113727e+02 3.715637982706948605e+02
5.512313720761995910e+02 4.685702401047228705e+02
5.633571773054530922e+02 4.983335802128905812e+02
6.272932412415170802e+02 4.718772778945192954e+02
6.184744738020599470e+02 4.332951703468945084e+02
6.184744738020599470e+02 4.046341761686589393e+02
7.948498225912017006e+02 5.038453098625512894e+02
6.140650900823313805e+02 2.988089668951738531e+02
5.016258052292533876e+02 3.880989872196769284e+02
5.413102587068103730e+02 3.517215715319164246e+02
5.578454476557923272e+02 3.373910744427986401e+02
5.534360639360638743e+02 3.043206965448345045e+02
5.556407557959280439e+02 2.536127837679562163e+02
6.195768197319919182e+02 2.503057459781597913e+02
5.655618691653173755e+02 7.944212683867863234e+01
4.806812325605428668e+02 7.613508904888226425e+01
9.745322091701400495e+02 1.665274553033174243e+02
6.691823865789381216e+02 5.959990009990019644e+01
3.726513314271934405e+02 3.204125185159671219e+01
4.343827035033930315e+02 1.929837576216887101e+02
4.817835784904749516e+02 1.775509146026388407e+02
4.035170174652932928e+02 2.029048709910779280e+02
4.531225843122393826e+02 2.337705570291777804e+02
4.994211133693891043e+02 2.580221674876847828e+02
4.454061628027144479e+02 3.473121878121878581e+02
4.134381308346825108e+02 3.583356471115092177e+02
3.671396017775327891e+02 2.458963622584312816e+02
4.828859244204070365e+02 5.578602604292259457e+02
2.183229012366942925e+02 1.312523855454890054e+02
2.965894622618760650e+02 1.036937372971856348e+02
7.242996830755450901e+02 3.671544145509662940e+02
6.361120086809739860e+02 1.665274553033174243e+02
5.644595232353851770e+02 1.995978332012815599e+02
2.822589651727582805e+02 5.314039581108546599e+02
2.260393227462192272e+02 4.167599813979124406e+02
2.282440146060835104e+02 2.921948913155810033e+02
5.159563023183711721e+02 4.685702401047228705e+02
