1.091906541734127813e+02 2.690456267870061424e+02
1.047812704536842148e+02 3.660520686210341523e+02
2.580073547142512780e+02 4.178623273278445822e+02
3.340692238795686535e+02 3.903036790795412116e+02
3.153293430707223024e+02 2.899901994557167200e+02
2.712355058734368640e+02 2.227470977298564208e+02
3.561161424782113727e+02 2.172353680801957125e+02
3.715489854972612420e+02 1.764485686727066422e+02
4.013123256054290096e+02 5.078113266044306329e+01
2.888730407523510166e+02 1.169218884563712209e+02
2.050947500775087065e+02 1.367641151951497704e+02
2.646214302938440142e+02 5.314039581108546599e+02
3.891865203761755083e+02 4.928218505632298729e+02
3.296598401598400869e+02 4.454209755761480096e+02
4.035170174652932928e+02 4.310904784870302251e+02
4.156428226945467941e+02 3.550286093217127927e+02
3.781630610768540919e+02 2.447940163284991399e+02
4.156428226945467941e+02 2.425893244686348567e+02
4.498155465224430145e+02 1.951884494815529933e+02
4.729648110510178185e+02 1.621180715835888577e+02
4.917046918598641696e+02 1.863696820420958602e+02
5.115469185986426055e+02 2.106212925006028627e+02
5.523337180061316758e+02 2.558174756278204995e+02
6.151674360122635790e+02 3.120371180543594960e+02
5.556407557959280439e+02 3.098324261944952127e+02
5.523337180061316758e+02 3.528239174618485094e+02
4.795788866306106684e+02 4.090435598883875059e+02
5.523337180061316758e+02 3.969177546591340047e+02
5.269797616176925885e+02 4.332951703468945084e+02
5.413102587068103730e+02 4.784913534741120884e+02
5.313891453374210414e+02 5.258922284611940086e+02
4.674530814013571671e+02 5.710884115884116454e+02
6.184744738020599470e+02 4.873101209135692216e+02
6.140650900823313805e+02 4.222717110475731488e+02
6.427260842605669495e+02 1.885743739019601435e+02
6.559542354197524219e+02 1.499922663543353565e+02
5.831994040442315281e+02 9.487496985772850167e+01
5.523337180061316758e+02 1.577086878638602911e+02
4.498155465224430145e+02 2.525104378380240746e+02
4.145404767646145956e+02 2.095189465706707779e+02
5.115469185986426055e+02 3.814849116400840785e+02
2.326533983258120770e+02 4.961288883530263547e+02
2.414721657652692102e+02 2.811714320162596437e+02
7.171089255572013599e+01 1.521969582141996398e+02
3.770607151469220071e+02 3.484145337421199997e+02
4.586343139619000340e+02 3.682567604808984356e+02
4.167451686244788789e+02 3.010136587550381364e+02
6.250885493816526832e+02 2.580221674876847828e+02
4.079264011850217457e+02 3.836896034999483618e+02
2.359604361156084451e+02 3.384934203727307818e+02
