F Amp.mittel Amp.std Amp.var Phi-mittel Phi-std Phi-var T-mittel T-std T-var
115.000	44.016	10.125	102.513	0.590	0.501	0.251	25.306	40.870	1670.363
115.000	46.424	1.984	3.935	0.849	0.546	0.298	25.306	40.870	1670.363
115.000	46.747	1.715	2.940	0.830	0.529	0.280	25.306	40.870	1670.363
115.000	47.595	1.604	2.572	0.953	0.519	0.269	25.306	40.870	1670.363
116.000	47.034	1.691	2.859	0.747	0.514	0.264	25.306	40.870	1670.363
116.000	47.043	1.317	1.735	0.791	0.509	0.259	25.306	40.870	1670.363
116.000	47.703	1.175	1.381	0.835	0.528	0.279	25.306	40.870	1670.363
116.000	47.780	1.922	3.692	0.632	0.476	0.227	25.306	40.870	1670.363
116.000	46.708	1.364	1.861	0.784	0.543	0.295	25.306	40.870	1670.363
117.000	47.811	1.560	2.433	0.768	0.504	0.254	25.306	40.870	1670.363
117.000	49.317	1.983	3.933	0.621	0.496	0.246	25.306	40.870	1670.363
117.000	48.013	1.830	3.348	0.892	0.522	0.272	25.306	40.870	1670.363
117.000	49.507	2.093	4.379	0.982	0.478	0.229	25.306	40.870	1670.363
117.000	50.095	2.515	6.326	0.833	0.485	0.235	25.306	40.870	1670.363
118.000	50.097	1.992	3.969	0.692	0.494	0.244	25.306	40.870	1670.363
118.000	50.956	2.719	7.393	0.737	0.510	0.260	25.306	40.870	1670.363
118.000	50.995	2.599	6.756	0.707	0.497	0.247	25.306	40.870	1670.363
118.000	51.559	2.922	8.536	0.679	0.507	0.257	25.306	40.870	1670.363
118.000	54.319	1.819	3.310	0.616	0.418	0.175	25.306	40.870	1670.363
119.000	52.413	2.347	5.510	0.771	0.501	0.251	25.306	40.870	1670.363
119.000	51.835	3.600	12.957	0.773	0.465	0.216	25.306	40.870	1670.363
119.000	53.091	3.874	15.006	0.814	0.517	0.267	25.306	40.870	1670.363
119.000	53.595	4.076	16.612	0.723	0.488	0.238	25.306	40.870	1670.363
119.000	54.123	4.625	21.392	0.812	0.494	0.244	25.306	40.870	1670.363
120.000	54.617	5.361	28.741	0.718	0.479	0.229	25.306	40.870	1670.363
120.000	51.020	3.672	13.486	0.847	0.472	0.223	25.306	40.870	1670.363
120.000	54.390	6.366	40.523	0.915	0.466	0.217	25.306	40.870	1670.363
120.000	54.894	5.809	33.742	0.848	0.465	0.217	25.306	40.870	1670.363
120.000	56.285	6.768	45.808	0.867	0.490	0.240	25.306	40.870	1670.363
121.000	57.155	6.634	44.007	0.997	0.394	0.155	25.306	40.870	1670.363
121.000	49.753	7.647	58.477	0.645	0.490	0.240	25.306	40.870	1670.363
121.000	57.095	8.703	75.743	0.781	0.514	0.264	25.306	40.870	1670.363
121.000	58.247	9.690	93.898	0.627	0.505	0.255	25.306	40.870	1670.363
121.000	57.923	12.144	147.480	0.858	0.503	0.253	25.306	40.870	1670.363
122.000	59.593	13.326	177.578	0.781	0.521	0.271	25.306	40.870	1670.363
122.000	56.452	14.513	210.623	0.871	0.438	0.192	25.306	40.870	1670.363
122.000	60.172	18.448	340.342	0.864	0.539	0.290	25.306	40.870	1670.363
122.000	62.704	22.810	520.309	0.584	0.526	0.277	25.306	40.870	1670.363
122.000	62.583	31.303	979.866	0.768	0.523	0.273	25.306	40.870	1670.363
123.000	67.728	28.788	828.753	0.854	0.711	0.506	25.306	40.870	1670.363
123.000	69.330	35.383	1251.938	0.681	0.797	0.635	25.306	40.870	1670.363
123.000	77.921	38.138	1454.540	0.900	1.029	1.058	25.306	40.870	1670.363
123.000	94.546	40.989	1680.109	0.526	1.425	2.031	25.306	40.870	1670.363
123.000	123.614	45.644	2083.373	0.461	1.441	2.077	25.306	40.870	1670.363
124.000	190.276	46.034	2119.102	0.357	1.159	1.342	25.306	40.870	1670.363
124.000	218.093	55.732	3106.089	0.387	1.784	3.181	25.306	40.870	1670.363
124.000	281.630	37.881	1434.945	0.089	1.728	2.985	25.306	40.870	1670.363
124.000	303.715	39.942	1595.360	0.375	1.949	3.798	25.306	40.870	1670.363
124.000	320.073	43.279	1873.035	-0.288	1.698	2.882	25.306	40.870	1670.363
125.000	329.781	40.439	1635.299	0.764	1.014	1.028	25.306	40.870	1670.363
125.000	322.150	38.749	1501.451	0.080	1.830	3.348	25.306	40.870	1670.363
125.000	311.745	38.086	1450.565	-0.273	1.687	2.847	25.306	40.870	1670.363
125.000	238.309	43.513	1893.342	0.133	1.608	2.586	25.306	40.870	1670.363
125.000	180.929	46.887	2198.400	0.342	1.527	2.333	25.306	40.870	1670.363
126.000	154.712	53.576	2870.432	0.379	1.492	2.226	25.306	40.870	1670.363
126.000	119.243	33.826	1144.174	0.675	1.068	1.141	25.306	40.870	1670.363
126.000	96.626	46.668	2177.891	0.901	1.250	1.562	25.306	40.870	1670.363
126.000	87.361	39.790	1583.236	0.578	0.776	0.603	25.306	40.870	1670.363
126.000	86.108	33.927	1151.029	0.800	0.674	0.455	25.306	40.870	1670.363
127.000	77.661	31.255	976.866	0.708	0.568	0.322	25.306	40.870	1670.363
127.000	77.058	25.924	672.050	0.705	0.461	0.213	25.306	40.870	1670.363
127.000	82.018	19.895	395.794	0.902	0.393	0.154	25.306	40.870	1670.363
127.000	72.955	21.480	461.405	0.882	0.388	0.151	25.306	40.870	1670.363
127.000	78.635	15.725	247.282	0.918	0.472	0.223	25.306	40.870	1670.363
128.000	76.811	14.296	204.384	0.633	0.390	0.152	25.306	40.870	1670.363
128.000	79.583	11.923	142.165	0.649	0.373	0.139	25.306	40.870	1670.363
128.000	78.253	10.171	103.441	0.651	0.369	0.136	25.306	40.870	1670.363
128.000	78.204	9.983	99.656	0.730	0.347	0.121	25.306	40.870	1670.363
128.000	77.910	8.480	71.906	0.578	0.364	0.133	25.306	40.870	1670.363
129.000	80.481	8.387	70.336	0.618	0.302	0.091	25.306	40.870	1670.363
129.000	81.567	6.648	44.193	0.728	0.318	0.101	25.306	40.870	1670.363
129.000	82.450	7.688	59.109	0.634	0.285	0.081	25.306	40.870	1670.363
129.000	83.344	6.440	41.476	0.757	0.309	0.096	25.306	40.870	1670.363
129.000	82.274	6.436	41.419	0.771	0.289	0.084	25.306	40.870	1670.363
130.000	84.173	4.090	16.725	0.909	0.277	0.077	25.306	40.870	1670.363
130.000	84.829	5.368	28.817	0.718	0.281	0.079	25.306	40.870	1670.363
130.000	86.528	4.964	24.641	0.734	0.286	0.082	25.306	40.870	1670.363
130.000	87.708	5.421	29.385	0.744	0.282	0.079	25.306	40.870	1670.363
130.000	89.486	4.559	20.788	0.850	0.267	0.071	25.306	40.870	1670.363
131.000	90.422	4.440	19.716	0.784	0.274	0.075	25.306	40.870	1670.363
131.000	92.143	3.450	11.901	0.764	0.223	0.050	25.306	40.870	1670.363
131.000	91.469	3.456	11.942	0.794	0.249	0.062	25.306	40.870	1670.363
131.000	91.283	3.009	9.054	0.697	0.233	0.054	25.306	40.870	1670.363
131.000	94.017	2.919	8.522	0.828	0.223	0.050	25.306	40.870	1670.363
132.000	94.943	2.588	6.697	0.784	0.218	0.048	25.306	40.870	1670.363
132.000	97.096	2.560	6.556	0.779	0.229	0.053	25.306	40.870	1670.363
132.000	97.238	3.062	9.374	0.725	0.191	0.036	25.306	40.870	1670.363
132.000	98.259	2.107	4.440	0.811	0.203	0.041	25.306	40.870	1670.363
132.000	100.022	2.339	5.469	0.755	0.211	0.045	25.306	40.870	1670.363
133.000	102.105	2.289	5.241	0.772	0.193	0.037	25.306	40.870	1670.363
133.000	102.303	2.275	5.176	0.828	0.166	0.028	25.306	40.870	1670.363
133.000	104.970	2.691	7.240	0.837	0.167	0.028	25.306	40.870	1670.363
133.000	107.502	1.622	2.632	0.784	0.176	0.031	25.306	40.870	1670.363
133.000	107.088	1.650	2.724	0.827	0.152	0.023	25.306	40.870	1670.363
134.000	108.368	1.844	3.402	0.775	0.136	0.019	25.306	40.870	1670.363
134.000	110.122	1.637	2.678	0.770	0.128	0.016	25.306	40.870	1670.363
134.000	111.403	1.767	3.123	0.807	0.110	0.012	25.306	40.870	1670.363
134.000	112.826	1.788	3.197	0.761	0.093	0.009	25.306	40.870	1670.363
134.000	114.633	2.078	4.317	0.784	0.097	0.009	25.306	40.870	1670.363
135.000	116.988	1.722	2.966	0.775	0.094	0.009	25.306	40.870	1670.363
135.000	117.296	1.611	2.594	0.772	0.068	0.005	25.306	40.870	1670.363
135.000	119.310	1.576	2.484	0.781	0.059	0.003	25.306	40.870	1670.363
135.000	120.273	1.844	3.400	0.776	0.032	0.001	25.306	40.870	1670.363
135.000	123.319	1.224	1.499	0.774	0.048	0.002	25.306	40.870	1670.363
136.000	125.128	1.198	1.436	0.781	0.026	0.001	25.306	40.870	1670.363
136.000	126.583	1.279	1.636	0.783	0.013	0.000	25.306	40.870	1670.363
136.000	127.806	1.490	2.220	0.787	0.023	0.001	25.306	40.870	1670.363
136.000	129.518	1.259	1.586	0.791	0.027	0.001	25.306	40.870	1670.363
136.000	131.491	1.765	3.116	0.798	0.047	0.002	25.306	40.870	1670.363
137.000	133.966	1.433	2.053	0.806	0.059	0.004	25.306	40.870	1670.363
137.000	135.490	1.431	2.048	0.802	0.073	0.005	25.306	40.870	1670.363
137.000	137.497	1.602	2.567	0.784	0.081	0.006	25.306	40.870	1670.363
137.000	139.491	0.975	0.951	0.810	0.109	0.012	25.306	40.870	1670.363
137.000	141.976	1.495	2.236	0.773	0.111	0.012	25.306	40.870	1670.363
138.000	144.443	1.244	1.548	0.760	0.123	0.015	25.306	40.870	1670.363
138.000	146.174	1.404	1.970	0.847	0.142	0.020	25.306	40.870	1670.363
138.000	148.575	1.217	1.481	0.819	0.166	0.028	25.306	40.870	1670.363
138.000	150.219	1.355	1.837	0.766	0.198	0.039	25.306	40.870	1670.363
138.000	153.078	1.268	1.608	0.784	0.210	0.044	25.306	40.870	1670.363
139.000	155.289	1.332	1.775	0.827	0.216	0.047	25.306	40.870	1670.363
139.000	157.260	1.054	1.111	0.763	0.242	0.058	25.306	40.870	1670.363
139.000	158.545	1.301	1.692	0.679	0.254	0.064	25.306	40.870	1670.363
139.000	161.495	1.987	3.947	0.674	0.265	0.070	25.306	40.870	1670.363
139.000	164.480	1.420	2.018	0.787	0.325	0.105	25.306	40.870	1670.363
140.000	165.908	1.418	2.011	0.883	0.325	0.106	25.306	40.870	1670.363
140.000	168.410	1.183	1.399	0.782	0.356	0.126	25.306	40.870	1670.363
140.000	169.887	1.022	1.045	0.711	0.379	0.143	25.306	40.870	1670.363
140.000	171.617	1.420	2.017	0.785	0.404	0.163	25.306	40.870	1670.363
140.000	173.398	1.080	1.167	0.656	0.422	0.178	25.306	40.870	1670.363
141.000	175.291	1.360	1.850	0.693	0.462	0.213	25.306	40.870	1670.363
141.000	177.949	1.158	1.342	0.929	0.467	0.218	25.306	40.870	1670.363
141.000	179.134	1.245	1.550	0.790	0.525	0.275	25.306	40.870	1670.363
141.000	180.968	1.748	3.056	0.893	0.533	0.284	25.306	40.870	1670.363
141.000	183.022	1.385	1.917	0.842	0.563	0.317	25.306	40.870	1670.363
142.000	183.725	1.274	1.624	0.729	0.601	0.361	25.306	40.870	1670.363
142.000	184.882	1.107	1.225	0.663	0.627	0.393	25.306	40.870	1670.363
142.000	186.209	1.295	1.676	0.657	0.644	0.414	25.306	40.870	1670.363
142.000	187.002	1.218	1.483	0.789	0.698	0.487	25.306	40.870	1670.363
142.000	189.543	0.946	0.894	0.854	0.704	0.495	25.306	40.870	1670.363
143.000	189.530	0.925	0.856	0.784	0.742	0.550	25.306	40.870	1670.363
143.000	189.902	1.354	1.834	0.788	0.785	0.616	25.306	40.870	1670.363
143.000	190.654	0.987	0.975	0.628	0.785	0.616	25.306	40.870	1670.363
143.000	190.133	1.234	1.523	0.622	0.818	0.668	25.306	40.870	1670.363
143.000	190.418	0.769	0.591	0.869	0.855	0.732	25.306	40.870	1670.363
144.000	191.252	1.412	1.995	0.615	0.862	0.743	25.306	40.870	1670.363
144.000	190.817	1.515	2.295	0.695	0.921	0.849	25.306	40.870	1670.363
144.000	189.531	1.534	2.353	0.874	0.964	0.929	25.306	40.870	1670.363
144.000	189.766	1.318	1.737	0.592	0.962	0.926	25.306	40.870	1670.363
144.000	187.963	1.782	3.177	1.180	0.938	0.880	25.306	40.870	1670.363
145.000	188.324	2.108	4.443	0.578	1.027	1.055	25.306	40.870	1670.363
145.000	186.631	2.024	4.096	1.206	0.996	0.991	25.306	40.870	1670.363
145.000	185.579	2.309	5.330	1.105	1.055	1.113	25.306	40.870	1670.363
145.000	183.632	2.012	4.050	1.345	0.997	0.995	25.306	40.870	1670.363
145.000	182.871	1.840	3.385	1.014	1.147	1.315	25.306	40.870	1670.363
146.000	181.810	1.179	1.390	1.127	1.128	1.273	25.306	40.870	1670.363
146.000	178.743	1.519	2.307	0.903	1.216	1.480	25.306	40.870	1670.363
146.000	178.236	1.386	1.921	1.028	1.218	1.483	25.306	40.870	1670.363
146.000	175.786	1.690	2.857	1.285	1.175	1.381	25.306	40.870	1670.363
146.000	174.224	1.504	2.263	1.040	1.274	1.622	25.306	40.870	1670.363
147.000	171.653	1.207	1.456	0.651	1.330	1.769	25.306	40.870	1670.363
147.000	169.404	1.297	1.682	1.179	1.294	1.674	25.306	40.870	1670.363
147.000	167.476	1.190	1.417	0.518	1.362	1.855	25.306	40.870	1670.363
147.000	165.666	1.160	1.347	1.198	1.346	1.811	25.306	40.870	1670.363
147.000	163.222	0.947	0.897	1.340	1.303	1.698	25.306	40.870	1670.363
148.000	160.532	1.480	2.190	0.784	1.460	2.133	25.306	40.870	1670.363
148.000	158.618	1.386	1.921	0.641	1.467	2.151	25.306	40.870	1670.363
148.000	156.583	1.565	2.451	0.929	1.474	2.172	25.306	40.870	1670.363
148.000	153.999	1.033	1.067	0.637	1.512	2.286	25.306	40.870	1670.363
148.000	150.845	1.224	1.499	0.784	1.552	2.408	25.306	40.870	1670.363
149.000	148.910	1.946	3.788	0.784	1.564	2.447	25.306	40.870	1670.363
149.000	146.083	2.769	7.670	1.103	1.563	2.444	25.306	40.870	1670.363
149.000	144.434	2.887	8.332	1.242	1.529	2.338	25.306	40.870	1670.363
149.000	142.765	4.098	16.797	0.320	1.530	2.340	25.306	40.870	1670.363
149.000	140.213	7.444	55.413	0.786	1.635	2.672	25.306	40.870	1670.363
150.000	138.085	8.762	76.772	1.110	1.625	2.639	25.306	40.870	1670.363
150.000	135.662	7.869	61.917	0.942	1.673	2.798	25.306	40.870	1670.363
150.000	133.401	5.690	32.371	1.108	1.654	2.736	25.306	40.870	1670.363
150.000	131.835	3.838	14.732	1.125	1.679	2.818	25.306	40.870	1670.363
150.000	129.771	2.166	4.693	0.454	1.687	2.845	25.306	40.870	1670.363
151.000	126.816	1.749	3.060	0.953	1.741	3.031	25.306	40.870	1670.363
151.000	126.176	1.395	1.947	0.436	1.719	2.956	25.306	40.870	1670.363
151.000	123.647	1.769	3.130	-0.083	1.537	2.362	25.306	40.870	1670.363
151.000	121.781	0.952	0.906	0.089	1.636	2.677	25.306	40.870	1670.363
151.000	119.990	0.932	0.868	0.611	1.782	3.175	25.306	40.870	1670.363
152.000	117.719	1.075	1.155	0.433	1.772	3.141	25.306	40.870	1670.363
152.000	116.374	1.083	1.172	0.784	1.824	3.328	25.306	40.870	1670.363
152.000	114.516	1.075	1.157	0.426	1.803	3.250	25.306	40.870	1670.363
152.000	112.111	1.027	1.055	1.148	1.813	3.287	25.306	40.870	1670.363
152.000	110.127	1.262	1.592	0.422	1.833	3.360	25.306	40.870	1670.363
153.000	108.881	1.174	1.379	0.240	1.781	3.170	25.306	40.870	1670.363
153.000	107.029	1.417	2.007	0.603	1.876	3.520	25.306	40.870	1670.363
153.000	105.191	1.705	2.906	1.157	1.866	3.481	25.306	40.870	1670.363
153.000	103.700	2.593	6.725	1.146	1.878	3.525	25.306	40.870	1670.363
153.000	102.815	3.649	13.315	1.161	1.879	3.529	25.306	40.870	1670.363
154.000	101.020	3.432	11.778	0.780	1.943	3.776	25.306	40.870	1670.363
154.000	100.078	2.235	4.997	0.413	1.880	3.536	25.306	40.870	1670.363
154.000	97.998	1.704	2.904	1.163	1.911	3.654	25.306	40.870	1670.363
154.000	96.377	1.581	2.500	1.166	1.920	3.686	25.306	40.870	1670.363
154.000	96.405	1.200	1.440	-0.159	1.677	2.811	25.306	40.870	1670.363
155.000	94.086	1.125	1.266	1.737	1.693	2.865	25.306	40.870	1670.363
155.000	93.289	0.980	0.960	1.363	1.880	3.534	25.306	40.870	1670.363
155.000	91.520	1.144	1.308	1.370	1.903	3.623	25.306	40.870	1670.363
155.000	91.057	1.069	1.144	0.785	1.987	3.948	25.306	40.870	1670.363
155.000	88.778	1.054	1.111	1.957	1.602	2.565	25.306	40.870	1670.363
156.000	88.005	0.908	0.824	0.783	1.985	3.940	25.306	40.870	1670.363
156.000	86.864	1.505	2.266	0.592	1.994	3.977	25.306	40.870	1670.363
156.000	85.581	0.881	0.777	2.162	1.443	2.081	25.306	40.870	1670.363
156.000	84.297	1.045	1.093	1.375	1.943	3.775	25.306	40.870	1670.363
156.000	83.596	0.755	0.569	1.372	1.930	3.725	25.306	40.870	1670.363
157.000	83.069	1.372	1.882	0.788	2.035	4.141	25.306	40.870	1670.363
157.000	80.970	0.742	0.551	0.585	2.044	4.179	25.306	40.870	1670.363
157.000	80.176	0.944	0.891	0.177	1.977	3.909	25.306	40.870	1670.363
157.000	79.170	0.783	0.614	1.586	1.889	3.567	25.306	40.870	1670.363
157.000	78.160	0.882	0.779	0.380	2.025	4.101	25.306	40.870	1670.363
158.000	77.519	0.822	0.675	0.785	2.071	4.291	25.306	40.870	1670.363
158.000	75.953	0.898	0.807	1.594	1.913	3.660	25.306	40.870	1670.363
158.000	75.474	1.021	1.043	0.375	2.042	4.171	25.306	40.870	1670.363
158.000	74.638	0.922	0.849	1.192	2.058	4.237	25.306	40.870	1670.363
158.000	73.640	0.726	0.527	0.786	2.089	4.365	25.306	40.870	1670.363
159.000	73.242	0.914	0.835	1.406	2.008	4.033	25.306	40.870	1670.363
159.000	71.689	0.651	0.424	1.200	2.062	4.253	25.306	40.870	1670.363
159.000	70.929	0.908	0.824	1.408	2.023	4.094	25.306	40.870	1670.363
159.000	70.475	0.912	0.833	0.371	2.073	4.298	25.306	40.870	1670.363
159.000	69.446	1.374	1.888	-0.048	1.952	3.810	25.306	40.870	1670.363
160.000	68.545	1.036	1.074	0.995	2.124	4.511	25.306	40.870	1670.363
160.000	67.836	1.179	1.390	0.575	2.140	4.578	25.306	40.870	1670.363
160.000	67.035	1.160	1.346	0.993	2.121	4.501	25.306	40.870	1670.363
160.000	66.145	0.979	0.959	1.207	2.103	4.422	25.306	40.870	1670.363
160.000	65.652	1.241	1.541	0.159	2.038	4.152	25.306	40.870	1670.363
161.000	64.937	1.075	1.156	1.207	2.113	4.466	25.306	40.870	1670.363
161.000	63.965	1.238	1.532	-0.055	1.991	3.964	25.306	40.870	1670.363
161.000	63.167	0.594	0.353	-0.265	1.881	3.540	25.306	40.870	1670.363
161.000	62.693	0.877	0.769	0.788	2.172	4.718	25.306	40.870	1670.363
161.000	62.252	1.026	1.054	0.790	2.170	4.710	25.306	40.870	1670.363
162.000	61.744	0.794	0.631	0.996	2.156	4.647	25.306	40.870	1670.363
162.000	60.800	1.083	1.173	0.573	2.167	4.697	25.306	40.870	1670.363
162.000	59.912	1.174	1.379	1.428	2.093	4.383	25.306	40.870	1670.363
162.000	59.612	0.866	0.750	1.214	2.145	4.603	25.306	40.870	1670.363
162.000	59.165	0.993	0.986	1.635	1.999	3.997	25.306	40.870	1670.363
163.000	58.425	1.578	2.491	1.001	2.184	4.770	25.306	40.870	1670.363
163.000	57.858	0.996	0.993	0.783	2.208	4.873	25.306	40.870	1670.363
163.000	57.476	0.866	0.750	0.363	2.154	4.639	25.306	40.870	1670.363
163.000	56.726	0.886	0.785	2.076	1.774	3.147	25.306	40.870	1670.363
163.000	56.070	0.741	0.549	0.571	2.193	4.808	25.306	40.870	1670.363
164.000	55.429	0.689	0.474	1.220	2.165	4.688	25.306	40.870	1670.363
164.000	55.162	1.009	1.019	1.215	2.167	4.696	25.306	40.870	1670.363
164.000	54.312	0.672	0.451	2.086	1.780	3.169	25.306	40.870	1670.363
164.000	54.201	0.814	0.663	1.647	2.026	4.106	25.306	40.870	1670.363
164.000	53.652	0.716	0.513	0.571	2.203	4.855	25.306	40.870	1670.363
165.000	52.969	1.118	1.251	1.434	2.120	4.493	25.306	40.870	1670.363
165.000	52.732	0.726	0.528	0.785	2.231	4.976	25.306	40.870	1670.363
165.000	52.263	0.962	0.926	-0.302	1.946	3.785	25.306	40.870	1670.363
165.000	51.517	0.967	0.936	0.790	2.241	5.024	25.306	40.870	1670.363
165.000	51.105	0.935	0.875	1.890	1.956	3.824	25.306	40.870	1670.363
166.000	50.726	1.060	1.125	0.792	2.239	5.012	25.306	40.870	1670.363
166.000	50.223	0.868	0.754	0.126	2.152	4.633	25.306	40.870	1670.363
166.000	49.638	0.847	0.718	0.569	2.236	5.000	25.306	40.870	1670.363
166.000	49.137	1.138	1.294	0.347	2.215	4.907	25.306	40.870	1670.363
166.000	48.740	0.829	0.687	0.787	2.234	4.993	25.306	40.870	1670.363
167.000	48.559	0.992	0.985	1.232	2.209	4.882	25.306	40.870	1670.363
167.000	47.821	1.448	2.095	1.671	2.078	4.318	25.306	40.870	1670.363
167.000	47.452	1.634	2.669	1.668	2.066	4.270	25.306	40.870	1670.363
167.000	47.034	1.811	3.279	0.782	2.276	5.181	25.306	40.870	1670.363
167.000	46.921	1.202	1.445	0.352	2.218	4.918	25.306	40.870	1670.363
168.000	46.533	1.872	3.504	1.666	2.087	4.355	25.306	40.870	1670.363
168.000	46.491	1.561	2.437	0.997	2.269	5.148	25.306	40.870	1670.363
168.000	45.856	1.982	3.926	1.680	2.092	4.376	25.306	40.870	1670.363
168.000	45.048	1.701	2.894	1.022	2.257	5.094	25.306	40.870	1670.363
168.000	45.476	1.747	3.052	0.567	2.273	5.165	25.306	40.870	1670.363
169.000	44.432	1.827	3.339	0.784	2.292	5.251	25.306	40.870	1670.363
169.000	46.769	1.283	1.647	0.565	2.243	5.031	25.306	40.870	1670.363
169.000	43.909	2.227	4.960	0.345	2.233	4.986	25.306	40.870	1670.363
169.000	43.540	2.775	7.703	0.568	2.269	5.146	25.306	40.870	1670.363
169.000	44.115	2.394	5.729	1.014	2.284	5.218	25.306	40.870	1670.363
170.000	42.832	2.687	7.221	0.792	2.296	5.273	25.306	40.870	1670.363
170.000	42.629	2.913	8.484	0.933	2.406	5.790	25.306	40.870	1670.363
