F Amp.mittel Amp.std Amp.var Phi-mittel Phi-std Phi-var120.000	54.268	29.209	853.192	0.073	0.599	0.359
120.000	55.636	5.176	26.791	0.314	0.078	0.006
120.000	55.303	4.815	23.184	0.328	0.094	0.009
120.000	54.813	4.998	24.979	0.344	0.124	0.015
120.000	54.727	4.285	18.362	0.348	0.121	0.015
120.000	55.083	5.848	34.196	0.345	0.110	0.012
120.000	54.113	5.778	33.380	0.350	0.103	0.011
120.000	56.016	6.933	48.061	0.336	0.121	0.015
120.000	56.028	5.826	33.940	0.361	0.130	0.017
121.000	56.498	6.366	40.528	0.348	0.142	0.020
121.000	54.262	6.165	38.012	0.393	0.151	0.023
121.000	55.748	7.682	59.019	0.304	0.144	0.021
121.000	58.729	9.170	84.089	0.285	0.151	0.023
121.000	59.345	10.955	120.021	0.293	0.107	0.011
121.000	60.147	9.614	92.427	0.324	0.165	0.027
121.000	65.484	6.134	37.623	0.175	0.107	0.011
121.000	59.288	10.537	111.038	0.313	0.200	0.040
121.000	59.179	11.158	124.510	0.341	0.217	0.047
121.000	58.722	12.932	167.248	0.325	0.211	0.044
122.000	59.234	12.478	155.695	0.349	0.213	0.045
122.000	66.855	7.882	62.122	0.355	0.239	0.057
122.000	60.794	12.960	167.951	0.350	0.208	0.043
122.000	61.161	13.704	187.812	0.327	0.241	0.058
122.000	60.953	14.956	223.695	0.334	0.278	0.077
122.000	59.847	17.033	290.133	0.391	0.309	0.096
122.000	64.326	18.972	359.938	0.335	0.330	0.109
122.000	63.637	19.985	399.397	0.368	0.372	0.139
122.000	64.390	21.186	448.826	0.379	0.387	0.149
122.000	64.629	23.213	538.830	0.330	0.420	0.177
123.000	54.837	25.728	661.927	0.301	0.457	0.209
123.000	68.333	25.877	669.627	0.452	0.493	0.243
123.000	69.512	25.649	657.875	0.355	0.541	0.292
123.000	69.459	31.957	1021.224	0.349	0.681	0.463
123.000	77.483	33.974	1154.235	0.380	0.696	0.484
123.000	105.243	23.130	535.017	0.591	0.390	0.152
123.000	80.330	41.149	1693.268	0.269	1.094	1.197
123.000	91.729	43.019	1850.599	0.200	1.283	1.647
123.000	103.550	43.468	1889.484	0.371	1.281	1.642
123.000	113.647	44.461	1976.771	0.253	1.523	2.318
124.000	86.283	36.122	1304.773	-0.272	2.066	4.268
124.000	148.506	47.045	2213.189	-0.196	1.598	2.554
124.000	179.322	44.638	1992.517	0.286	1.577	2.487
124.000	207.536	45.897	2106.568	0.139	1.601	2.562
124.000	246.623	37.589	1412.917	0.273	1.748	3.055
124.000	288.551	32.693	1068.800	0.268	1.833	3.358
124.000	302.109	41.655	1735.174	-0.362	1.791	3.209
124.000	304.875	37.676	1419.468	-0.027	1.732	3.000
124.000	324.007	43.816	1919.880	0.150	1.775	3.149
124.000	330.468	37.214	1384.870	0.325	1.538	2.367
125.000	330.062	38.677	1495.874	0.210	1.643	2.700
125.000	325.127	45.589	2078.387	0.240	1.673	2.799
125.000	319.694	46.188	2133.334	0.063	1.724	2.973
125.000	323.838	37.723	1423.021	0.119	1.731	2.995
125.000	280.067	25.059	627.973	0.287	2.026	4.103
125.000	252.818	36.283	1316.446	0.214	1.754	3.076
125.000	223.063	48.384	2340.985	-0.156	1.693	2.865
125.000	190.918	50.619	2562.257	-0.001	1.601	2.563
125.000	154.959	49.650	2465.075	0.013	1.637	2.681
125.000	110.317	52.350	2740.530	-1.340	1.061	1.126
126.000	118.746	48.414	2343.888	0.419	1.430	2.046
126.000	106.854	49.215	2422.118	0.096	1.226	1.502
126.000	97.325	46.264	2140.380	0.151	1.196	1.430
126.000	84.903	46.424	2155.176	0.449	1.054	1.112
126.000	54.922	23.178	537.215	-0.663	0.148	0.022
126.000	83.407	38.354	1471.003	0.454	0.674	0.454
126.000	75.512	37.414	1399.835	0.504	0.575	0.331
126.000	80.420	33.219	1103.476	0.438	0.490	0.240
126.000	92.505	22.239	494.561	0.062	0.188	0.035
126.000	81.131	27.699	767.247	0.389	0.383	0.146
127.000	76.096	28.386	805.761	0.416	0.334	0.111
127.000	70.604	32.562	1060.259	0.435	0.172	0.030
127.000	78.269	22.874	523.205	0.464	0.306	0.093
127.000	68.129	15.082	227.481	0.204	0.255	0.065
127.000	76.623	17.406	302.980	0.421	0.231	0.054
127.000	76.355	16.393	268.716	0.407	0.216	0.047
127.000	77.108	13.967	195.074	0.433	0.194	0.038
127.000	75.098	14.430	208.227	0.448	0.181	0.033
127.000	73.011	12.316	151.693	0.515	0.178	0.032
127.000	76.222	12.247	149.987	0.451	0.167	0.028
128.000	76.673	10.541	111.111	0.465	0.175	0.031
128.000	77.060	10.517	110.605	0.446	0.149	0.022
128.000	78.289	10.270	105.472	0.443	0.141	0.020
128.000	67.158	3.609	13.028	0.487	0.112	0.013
128.000	79.062	9.626	92.662	0.470	0.117	0.014
128.000	79.329	8.367	70.005	0.436	0.118	0.014
128.000	79.708	8.278	68.518	0.473	0.113	0.013
128.000	79.467	8.290	68.721	0.461	0.100	0.010
128.000	76.162	7.010	49.144	0.449	0.088	0.008
128.000	81.731	7.834	61.377	0.498	0.090	0.008
129.000	81.270	5.607	31.438	0.471	0.095	0.009
129.000	80.906	7.731	59.765	0.483	0.085	0.007
129.000	84.295	5.693	32.416	0.470	0.066	0.004
129.000	82.858	6.731	45.305	0.489	0.068	0.005
129.000	82.211	5.096	25.965	0.511	0.071	0.005
129.000	83.467	6.509	42.364	0.478	0.060	0.004
129.000	83.295	5.204	27.080	0.493	0.056	0.003
129.000	86.191	4.447	19.778	0.486	0.065	0.004
129.000	84.180	4.812	23.155	0.514	0.057	0.003
129.000	84.997	5.128	26.292	0.494	0.049	0.002
130.000	84.920	5.388	29.032	0.498	0.050	0.002
130.000	85.590	4.240	17.975	0.509	0.051	0.003
130.000	88.168	4.175	17.427	0.531	0.045	0.002
130.000	86.904	4.530	20.517	0.508	0.044	0.002
130.000	87.100	3.753	14.088	0.510	0.040	0.002
130.000	87.472	4.025	16.197	0.521	0.036	0.001
130.000	87.509	3.821	14.600	0.537	0.041	0.002
130.000	89.534	3.562	12.685	0.526	0.036	0.001
130.000	89.147	4.410	19.452	0.527	0.030	0.001
130.000	89.440	3.698	13.678	0.538	0.039	0.002
131.000	90.305	3.396	11.531	0.550	0.037	0.001
131.000	90.694	3.499	12.240	0.547	0.038	0.001
131.000	91.142	3.646	13.290	0.552	0.032	0.001
131.000	91.255	3.290	10.827	0.568	0.032	0.001
131.000	92.491	3.315	10.991	0.559	0.030	0.001
131.000	92.826	3.694	13.649	0.563	0.029	0.001
131.000	93.567	2.790	7.785	0.563	0.031	0.001
131.000	93.466	3.190	10.175	0.569	0.029	0.001
131.000	94.847	2.497	6.235	0.583	0.028	0.001
131.000	93.734	2.580	6.658	0.594	0.025	0.001
132.000	95.102	2.891	8.360	0.579	0.029	0.001
132.000	96.943	2.165	4.685	0.611	0.016	0.000
132.000	96.764	2.204	4.857	0.603	0.017	0.000
132.000	97.646	2.047	4.189	0.571	0.020	0.000
132.000	98.647	2.391	5.719	0.584	0.021	0.000
132.000	99.041	2.693	7.251	0.587	0.017	0.000
132.000	100.310	1.800	3.241	0.612	0.020	0.000
132.000	100.214	1.864	3.476	0.599	0.018	0.000
132.000	100.579	2.422	5.866	0.611	0.017	0.000
132.000	100.915	1.756	3.084	0.620	0.020	0.000
133.000	102.941	2.333	5.443	0.613	0.016	0.000
133.000	102.998	2.036	4.146	0.626	0.016	0.000
133.000	102.614	1.920	3.686	0.633	0.019	0.000
133.000	103.636	1.904	3.624	0.645	0.018	0.000
133.000	104.740	2.237	5.003	0.625	0.015	0.000
133.000	105.330	2.696	7.269	0.628	0.019	0.000
133.000	106.021	1.842	3.394	0.648	0.014	0.000
133.000	106.826	1.808	3.268	0.654	0.015	0.000
133.000	107.033	1.507	2.270	0.671	0.016	0.000
133.000	107.663	1.548	2.397	0.666	0.018	0.000
134.000	109.410	1.817	3.302	0.648	0.013	0.000
134.000	110.553	1.453	2.112	0.652	0.013	0.000
134.000	110.387	1.484	2.203	0.667	0.012	0.000
134.000	110.960	1.582	2.502	0.677	0.010	0.000
134.000	110.807	1.702	2.898	0.684	0.009	0.000
134.000	112.629	1.441	2.075	0.673	0.015	0.000
134.000	113.701	1.710	2.926	0.680	0.010	0.000
134.000	114.277	1.378	1.898	0.695	0.009	0.000
134.000	114.593	1.459	2.128	0.703	0.012	0.000
134.000	116.391	1.290	1.664	0.694	0.010	0.000
135.000	117.329	1.513	2.289	0.710	0.012	0.000
135.000	117.875	1.319	1.739	0.717	0.011	0.000
135.000	118.020	1.399	1.957	0.731	0.008	0.000
135.000	118.662	1.557	2.426	0.742	0.009	0.000
135.000	119.801	1.166	1.359	0.748	0.006	0.000
135.000	120.493	0.956	0.914	0.732	0.009	0.000
135.000	121.583	1.371	1.880	0.745	0.008	0.000
135.000	122.277	1.269	1.610	0.757	0.010	0.000
135.000	122.731	1.381	1.907	0.774	0.009	0.000
135.000	124.127	1.243	1.546	0.765	0.010	0.000
136.000	125.139	1.308	1.711	0.772	0.009	0.000
136.000	125.731	1.511	2.284	0.788	0.011	0.000
136.000	126.625	1.408	1.982	0.799	0.010	0.000
136.000	128.095	1.005	1.011	0.783	0.007	0.000
136.000	128.172	0.912	0.832	0.793	0.009	0.000
136.000	129.807	1.241	1.539	0.812	0.010	0.000
136.000	130.433	1.470	2.162	0.819	0.010	0.000
136.000	131.954	1.119	1.252	0.809	0.010	0.000
136.000	133.341	1.315	1.728	0.827	0.011	0.000
136.000	133.608	1.366	1.867	0.836	0.009	0.000
137.000	134.892	1.180	1.392	0.846	0.015	0.000
137.000	135.140	1.838	3.379	0.854	0.012	0.000
137.000	136.354	1.911	3.653	0.869	0.008	0.000
137.000	136.877	1.563	2.444	0.885	0.010	0.000
137.000	137.932	1.077	1.159	0.879	0.008	0.000
137.000	139.280	1.000	1.001	0.892	0.007	0.000
137.000	141.164	1.748	3.057	0.874	0.007	0.000
137.000	141.778	0.981	0.962	0.888	0.009	0.000
137.000	142.920	1.134	1.285	0.897	0.009	0.000
137.000	144.077	1.065	1.134	0.915	0.009	0.000
138.000	145.258	1.163	1.352	0.919	0.006	0.000
138.000	146.051	1.252	1.567	0.936	0.009	0.000
138.000	146.824	1.399	1.957	0.948	0.006	0.000
138.000	147.635	1.530	2.340	0.964	0.007	0.000
138.000	148.885	1.280	1.639	0.956	0.008	0.000
138.000	149.607	1.021	1.043	0.969	0.008	0.000
138.000	151.611	1.324	1.753	0.972	0.006	0.000
138.000	152.436	1.275	1.625	0.981	0.008	0.000
138.000	153.419	0.943	0.890	1.002	0.005	0.000
138.000	154.071	0.995	0.991	1.011	0.012	0.000
139.000	155.989	1.242	1.543	1.007	0.007	0.000
139.000	156.935	0.643	0.413	1.026	0.007	0.000
139.000	157.080	0.977	0.955	1.042	0.005	0.000
139.000	159.848	0.968	0.938	1.030	0.006	0.000
139.000	160.054	0.718	0.516	1.045	0.006	0.000
139.000	160.980	1.109	1.230	1.060	0.006	0.000
139.000	162.076	0.886	0.786	1.077	0.005	0.000
139.000	163.003	1.237	1.531	1.095	0.007	0.000
139.000	165.420	1.188	1.410	1.087	0.008	0.000
139.000	165.273	1.083	1.173	1.106	0.008	0.000
140.000	166.614	1.125	1.266	1.124	0.007	0.000
140.000	167.215	1.501	2.254	1.140	0.007	0.000
140.000	168.510	1.074	1.154	1.139	0.006	0.000
140.000	169.476	1.519	2.307	1.156	0.007	0.000
140.000	170.633	0.761	0.579	1.171	0.007	0.000
140.000	171.495	1.243	1.546	1.191	0.008	0.000
140.000	173.109	0.883	0.780	1.187	0.005	0.000
140.000	174.186	1.322	1.748	1.195	0.005	0.000
140.000	174.628	0.695	0.483	1.213	0.006	0.000
140.000	175.815	0.865	0.748	1.233	0.006	0.000
141.000	176.270	0.986	0.972	1.254	0.006	0.000
141.000	177.564	1.055	1.113	1.249	0.005	0.000
141.000	178.128	1.135	1.287	1.270	0.006	0.000
141.000	179.139	0.997	0.995	1.286	0.006	0.000
141.000	179.778	1.210	1.464	1.307	0.006	0.000
141.000	182.576	1.014	1.028	1.286	0.009	0.000
141.000	183.325	0.858	0.736	1.302	0.005	0.000
141.000	183.857	1.846	3.406	1.324	0.005	0.000
141.000	184.394	0.906	0.822	1.343	0.005	0.000
141.000	184.808	1.085	1.178	1.365	0.004	0.000
142.000	185.240	0.879	0.773	1.382	0.004	0.000
142.000	186.061	0.739	0.546	1.392	0.004	0.000
142.000	186.871	0.776	0.601	1.413	0.005	0.000
142.000	186.892	0.858	0.736	1.432	0.005	0.000
142.000	188.348	0.769	0.591	1.431	0.006	0.000
142.000	188.380	1.054	1.111	1.450	0.004	0.000
142.000	188.267	0.799	0.639	1.472	0.003	0.000
142.000	188.633	0.682	0.465	1.492	0.004	0.000
142.000	190.170	0.867	0.751	1.475	0.005	0.000
142.000	190.612	0.888	0.789	1.494	0.004	0.000
143.000	190.976	0.659	0.434	1.517	0.003	0.000
143.000	190.663	0.827	0.683	1.537	0.004	0.000
143.000	190.872	1.097	1.203	1.556	0.004	0.000
143.000	190.802	1.240	1.536	1.573	0.003	0.000
143.000	192.305	1.218	1.483	1.566	0.005	0.000
143.000	191.963	1.099	1.208	1.581	0.005	0.000
143.000	192.096	1.186	1.407	1.602	0.007	0.000
143.000	192.754	0.985	0.970	1.603	0.004	0.000
143.000	192.175	0.946	0.895	1.624	0.005	0.000
143.000	192.188	0.953	0.908	1.649	0.004	0.000
144.000	191.687	0.672	0.451	1.667	0.004	0.000
144.000	192.174	0.835	0.697	1.669	0.005	0.000
144.000	191.800	1.335	1.782	1.689	0.004	0.000
144.000	191.524	0.684	0.468	1.711	0.007	0.000
144.000	192.067	1.285	1.650	1.719	0.008	0.000
144.000	191.022	1.330	1.770	1.743	0.005	0.000
144.000	190.469	1.358	1.843	1.760	0.007	0.000
144.000	190.244	1.167	1.363	1.782	0.005	0.000
144.000	191.495	1.543	2.381	1.765	0.008	0.000
144.000	190.278	1.932	3.733	1.784	0.011	0.000
145.000	190.228	1.791	3.208	1.803	0.007	0.000
145.000	188.765	1.266	1.603	1.825	0.007	0.000
145.000	188.106	1.714	2.938	1.846	0.007	0.000
145.000	188.684	0.855	0.731	1.846	0.007	0.000
145.000	187.301	1.044	1.090	1.868	0.007	0.000
145.000	186.693	1.703	2.900	1.885	0.005	0.000
145.000	184.653	1.277	1.630	1.906	0.008	0.000
145.000	185.407	1.262	1.593	1.906	0.005	0.000
145.000	184.881	1.173	1.376	1.929	0.006	0.000
145.000	183.001	1.381	1.908	1.945	0.006	0.000
146.000	182.045	1.235	1.526	1.968	0.005	0.000
146.000	181.198	1.850	3.422	1.985	0.009	0.000
146.000	182.104	1.440	2.074	1.955	0.011	0.000
146.000	181.077	1.846	3.406	1.974	0.008	0.000
146.000	179.774	2.036	4.145	1.995	0.010	0.000
146.000	179.019	2.912	8.478	2.011	0.014	0.000
146.000	178.043	2.405	5.783	2.023	0.015	0.000
146.000	176.650	3.324	11.051	2.037	0.023	0.001
146.000	175.098	2.863	8.200	2.048	0.016	0.000
146.000	174.341	3.368	11.345	2.064	0.019	0.000
147.000	174.049	3.942	15.539	2.097	0.019	0.000
147.000	173.406	5.307	28.168	2.087	0.034	0.001
147.000	171.584	5.088	25.893	2.105	0.039	0.002
147.000	171.346	7.846	61.558	2.123	0.039	0.002
147.000	166.669	7.396	54.697	2.118	0.043	0.002
147.000	168.213	8.266	68.330	2.155	0.042	0.002
147.000	170.340	7.268	52.829	2.128	0.041	0.002
147.000	166.871	5.419	29.366	2.155	0.035	0.001
147.000	165.108	3.683	13.567	2.171	0.027	0.001
147.000	164.174	3.162	9.998	2.189	0.028	0.001
148.000	163.193	3.502	12.264	2.196	0.022	0.000
148.000	161.045	2.599	6.756	2.220	0.021	0.000
148.000	159.947	2.417	5.843	2.216	0.019	0.000
148.000	159.608	2.039	4.156	2.235	0.013	0.000
148.000	157.414	2.410	5.809	2.252	0.012	0.000
148.000	156.418	1.978	3.913	2.269	0.014	0.000
148.000	155.882	2.088	4.359	2.264	0.011	0.000
148.000	154.647	2.446	5.982	2.276	0.010	0.000
148.000	153.260	2.268	5.143	2.293	0.012	0.000
148.000	151.923	1.920	3.688	2.301	0.016	0.000
149.000	151.520	1.608	2.585	2.307	0.014	0.000
149.000	148.979	2.268	5.143	2.323	0.014	0.000
149.000	149.576	3.134	9.821	2.308	0.020	0.000
149.000	148.631	3.630	13.178	2.323	0.018	0.000
149.000	147.392	3.618	13.091	2.337	0.023	0.001
149.000	145.003	4.276	18.288	2.346	0.024	0.001
149.000	145.714	4.596	21.125	2.325	0.035	0.001
149.000	144.296	6.357	40.408	2.344	0.039	0.002
149.000	143.438	8.457	71.515	2.354	0.061	0.004
149.000	140.856	9.957	99.150	2.370	0.068	0.005
150.000	142.595	9.645	93.022	2.365	0.056	0.003
150.000	138.594	8.427	71.011	2.407	0.065	0.004
150.000	138.711	8.127	66.045	2.410	0.042	0.002
150.000	137.143	5.396	29.113	2.426	0.038	0.001
150.000	133.112	1.670	2.788	2.387	0.011	0.000
150.000	134.926	3.555	12.635	2.432	0.028	0.001
150.000	133.963	3.240	10.500	2.432	0.025	0.001
150.000	132.750	2.384	5.686	2.440	0.019	0.000
150.000	131.309	2.039	4.156	2.453	0.017	0.000
150.000	128.668	1.404	1.971	2.466	0.014	0.000
151.000	130.006	1.671	2.792	2.440	0.014	0.000
151.000	128.493	1.785	3.187	2.456	0.012	0.000
151.000	127.996	2.053	4.216	2.469	0.014	0.000
151.000	126.786	1.374	1.888	2.483	0.014	0.000
151.000	125.488	1.735	3.010	2.497	0.011	0.000
151.000	124.512	2.032	4.129	2.510	0.015	0.000
151.000	123.059	1.741	3.030	2.521	0.017	0.000
151.000	123.801	2.332	5.439	2.505	0.022	0.000
151.000	122.485	2.418	5.848	2.528	0.019	0.000
151.000	120.695	2.957	8.744	2.522	0.023	0.001
152.000	118.888	2.880	8.293	2.555	0.032	0.001
152.000	120.058	4.397	19.330	2.559	0.040	0.002
152.000	118.379	4.743	22.496	2.550	0.040	0.002
152.000	115.219	4.397	19.336	2.533	0.055	0.003
152.000	113.450	5.103	26.045	2.575	0.053	0.003
152.000	117.267	4.735	22.422	2.558	0.050	0.003
152.000	116.334	5.773	33.325	2.579	0.040	0.002
152.000	112.031	4.695	22.039	2.600	0.040	0.002
152.000	113.187	2.654	7.043	2.609	0.034	0.001
152.000	111.668	3.180	10.114	2.580	0.031	0.001
153.000	111.657	2.047	4.189	2.596	0.026	0.001
153.000	111.005	1.289	1.662	2.612	0.024	0.001
153.000	110.231	1.922	3.694	2.598	0.018	0.000
153.000	109.181	1.632	2.663	2.616	0.014	0.000
153.000	107.323	1.469	2.157	2.628	0.016	0.000
153.000	106.975	1.318	1.738	2.634	0.016	0.000
153.000	106.237	1.227	1.507	2.628	0.011	0.000
153.000	105.175	1.200	1.439	2.636	0.013	0.000
153.000	104.591	1.068	1.140	2.647	0.010	0.000
153.000	103.321	1.402	1.965	2.654	0.011	0.000
154.000	103.270	1.393	1.941	2.648	0.013	0.000
154.000	102.073	1.096	1.201	2.664	0.013	0.000
154.000	101.366	0.932	0.869	2.670	0.007	0.000
154.000	100.495	1.179	1.389	2.682	0.011	0.000
154.000	99.625	0.832	0.691	2.678	0.013	0.000
154.000	99.443	1.134	1.286	2.682	0.009	0.000
154.000	98.339	1.114	1.241	2.695	0.010	0.000
154.000	98.025	0.731	0.534	2.688	0.017	0.000
154.000	97.341	0.863	0.744	2.685	0.008	0.000
154.000	96.678	1.257	1.579	2.692	0.009	0.000
155.000	96.364	0.508	0.258	2.703	0.008	0.000
155.000	95.026	0.854	0.730	2.712	0.009	0.000
155.000	95.054	0.675	0.455	2.707	0.010	0.000
155.000	93.641	0.933	0.871	2.714	0.007	0.000
155.000	93.172	0.979	0.958	2.725	0.009	0.000
155.000	92.938	1.070	1.145	2.710	0.010	0.000
155.000	92.597	1.077	1.160	2.715	0.010	0.000
155.000	91.857	1.051	1.105	2.726	0.008	0.000
155.000	91.385	1.261	1.590	2.730	0.013	0.000
155.000	90.194	0.718	0.516	2.724	0.012	0.000
156.000	89.607	0.806	0.650	2.734	0.008	0.000
156.000	89.082	0.667	0.445	2.745	0.006	0.000
156.000	88.551	0.815	0.664	2.749	0.010	0.000
156.000	87.842	1.767	3.121	2.743	0.009	0.000
156.000	87.285	0.934	0.873	2.751	0.009	0.000
156.000	86.870	0.818	0.670	2.762	0.006	0.000
156.000	85.828	0.964	0.930	2.770	0.012	0.000
156.000	86.086	0.713	0.509	2.759	0.013	0.000
156.000	84.898	0.840	0.705	2.772	0.008	0.000
156.000	84.144	0.815	0.664	2.778	0.008	0.000
157.000	84.161	1.918	3.677	2.777	0.028	0.001
157.000	83.321	1.548	2.397	2.779	0.011	0.000
157.000	83.108	0.617	0.381	2.786	0.009	0.000
157.000	82.104	0.816	0.666	2.789	0.010	0.000
157.000	81.507	0.995	0.991	2.806	0.014	0.000
157.000	82.204	0.815	0.664	2.756	0.011	0.000
157.000	81.769	0.928	0.862	2.770	0.010	0.000
157.000	81.194	1.021	1.042	2.772	0.009	0.000
157.000	80.521	1.327	1.761	2.780	0.014	0.000
157.000	79.906	0.573	0.328	2.792	0.017	0.000
158.000	79.186	0.962	0.926	2.800	0.007	0.000
158.000	78.944	1.072	1.149	2.807	0.014	0.000
158.000	77.720	1.108	1.228	2.817	0.013	0.000
158.000	81.449	7.128	50.804	2.786	0.099	0.010
158.000	77.652	1.243	1.546	2.786	0.013	0.000
158.000	76.882	0.952	0.906	2.799	0.013	0.000
158.000	76.583	0.884	0.782	2.802	0.018	0.000
158.000	75.729	0.809	0.655	2.810	0.011	0.000
158.000	75.589	1.210	1.464	2.816	0.017	0.000
158.000	74.701	1.306	1.705	2.826	0.014	0.000
159.000	74.604	1.090	1.188	2.837	0.018	0.000
159.000	74.684	1.010	1.021	2.824	0.013	0.000
159.000	73.881	1.400	1.960	2.825	0.016	0.000
159.000	72.770	0.881	0.776	2.841	0.012	0.000
159.000	73.011	0.988	0.976	2.851	0.013	0.000
159.000	73.061	1.145	1.310	2.824	0.018	0.000
159.000	71.969	0.758	0.575	2.830	0.015	0.000
159.000	71.721	0.898	0.807	2.834	0.016	0.000
159.000	71.413	0.855	0.731	2.843	0.013	0.000
159.000	70.751	0.718	0.516	2.852	0.013	0.000
160.000	70.243	1.193	1.423	2.862	0.018	0.000
160.000	69.843	0.972	0.944	2.866	0.016	0.000
