0F 	Amp.mittel 	Amp.std 	Amp.var 	Phi-mittel 	Phi-std 	Phi-var
2490.1	0	0	0	0	0	0
2490.2	0.05	0.224	0.05	0	0	0
2490.3	0.05	0.224	0.05	0	0	0
2490.4	0.1	0.308	0.095	0	0	0
2490.5	0.05	0.224	0.05	0	0	0
2490.6	0	0	0	0	0	0
2490.7	0	0	0	0	0	0
2490.8	0	0	0	0	0	0
2490.9	0	0	0	0	0	0
2491	0	0	0	0	0	0
2491.1	0	0	0	0	0	0
2491.2	0	0	0	0	0	0
2491.3	0	0	0	0	0	0
2491.4	0	0	0	0	0	0
2491.5	0	0	0	0	0	0
2491.6	0	0	0	0	0	0
2491.7	0	0	0	0	0	0
2491.8	0	0	0	0	0	0
2491.9	0.05	0.224	0.05	0	0	0
2492	0	0	0	0	0	0
2492.1	0	0	0	0	0	0
2492.2	0.05	0.224	0.05	0	0	0
2492.3	0	0	0	0	0	0
2492.4	0	0	0	0	0	0
2492.5	0	0	0	0	0	0
2492.6	0	0	0	0	0	0
2492.7	0	0	0	0	0	0
2492.8	0	0	0	0	0	0
2492.9	0	0	0	0	0	0
2493	0.05	0.224	0.05	0	0	0
2493.1	0	0	0	0	0	0
2493.2	0.25	0.444	0.197	0	0	0
2493.3	0.5	0.607	0.368	0	0	0
2493.4	0.35	0.489	0.239	0	0	0
2493.5	0.25	0.444	0.197	0	0	0
2493.6	0.15	0.366	0.134	0	0	0
2493.7	0.8	0.41	0.168	0	0	0
2493.8	0.45	0.51	0.261	0	0	0
2493.9	0.35	0.489	0.239	0	0	0
2494	0.5	0.513	0.263	0	0	0
2494.1	0.35	0.489	0.239	0	0	0
2494.2	0.3	0.47	0.221	0	0	0
2494.3	0.3	0.47	0.221	0	0	0
2494.4	0.2	0.41	0.168	0	0	0
2494.5	0.25	0.444	0.197	0	0	0
2494.6	0.3	0.47	0.221	0	0	0
2494.7	0.2	0.41	0.168	0	0	0
2494.8	0.1	0.308	0.095	0	0	0
2494.9	0.25	0.444	0.197	0	0	0
2495	0.3	0.47	0.221	0	0	0
2495.1	0.1	0.308	0.095	0	0	0
2495.2	0.1	0.308	0.095	0	0	0
2495.3	0.25	0.444	0.197	0	0	0
2495.4	0.1	0.308	0.095	0	0	0
2495.5	0.05	0.224	0.05	0	0	0
2495.6	0	0	0	0	0	0
2495.7	0.05	0.224	0.05	0	0	0
2495.8	0.1	0.308	0.095	0	0	0
2495.9	0.15	0.366	0.134	0	0	0
2496	0.05	0.224	0.05	0	0	0
2496.1	0.05	0.224	0.05	0	0	0
2496.2	0.05	0.224	0.05	0	0	0
2496.3	0.1	0.308	0.095	0	0	0
2496.4	0.2	0.41	0.168	0	0	0
2496.5	0.35	0.489	0.239	0	0	0
2496.6	0.25	0.444	0.197	0	0	0
2496.7	0.15	0.366	0.134	0	0	0
2496.8	0.15	0.366	0.134	0	0	0
2496.9	0.25	0.444	0.197	0	0	0
2497	0.35	0.489	0.239	0	0	0
2497.1	0	0	0	0	0	0
2497.2	0.25	0.444	0.197	0	0	0
2497.3	0.15	0.366	0.134	0	0	0
2497.4	0.2	0.41	0.168	0	0	0
2497.5	0.35	0.489	0.239	0	0	0
2497.6	0.05	0.224	0.05	0	0	0
2497.7	0.3	0.47	0.221	0	0	0
2497.8	0.45	0.51	0.261	0	0	0
2497.9	0.25	0.444	0.197	0	0	0
2498	0.7	0.47	0.221	0	0	0
2498.1	0.1	0.308	0.095	0	0	0
2498.2	0.35	0.489	0.239	0	0	0
2498.3	0.3	0.47	0.221	0	0	0
2498.4	0.35	0.489	0.239	0	0	0
2498.5	0.35	0.489	0.239	0	0	0
2498.6	0.4	0.503	0.253	0	0	0
2498.7	0.45	0.51	0.261	0	0	0
2498.8	0.35	0.489	0.239	0	0	0
2498.9	0.45	0.51	0.261	0	0	0
2499	0.5	0.513	0.263	0	0	0
2499.1	0.45	0.51	0.261	0	0	0
2499.2	0.55	0.51	0.261	0	0	0
2499.3	0.55	0.51	0.261	0	0	0
2499.4	0.2	0.41	0.168	0	0	0
2499.5	0.4	0.503	0.253	-0.079	0.802	0.643
2499.6	0.55	0.51	0.261	0	0	0
2499.7	0.6	0.503	0.253	0	0	0
2499.8	0.65	0.489	0.239	0	0	0
2499.9	0.5	0.513	0.263	0	0	0
2500	0.5	0.513	0.263	0	0	0
2500.1	0.6	0.503	0.253	0	0	0
2500.2	0.5	0.513	0.263	0.157	0.702	0.493
2500.3	0.5	0.513	0.263	0	0	0
2500.4	0.55	0.51	0.261	0	0	0
2500.5	0.75	0.444	0.197	0	0	0
2500.6	0.45	0.51	0.261	0	0	0
2500.7	0.85	0.366	0.134	0	0	0
2500.8	0.5	0.513	0.263	0	0	0
2500.9	0.4	0.503	0.253	0	0	0
2501	0.45	0.51	0.261	0	0	0
2501.1	0.55	0.51	0.261	0	0	0
2501.2	0.4	0.503	0.253	0	0	0
2501.3	0.55	0.51	0.261	0	0	0
2501.4	0.55	0.51	0.261	0	0	0
2501.5	0.55	0.51	0.261	0	0	0
2501.6	0.9	0.308	0.095	0	0	0
2501.7	0.75	0.444	0.197	0	0	0
2501.8	0.6	0.503	0.253	0	0	0
2501.9	0.8	0.41	0.168	0	0	0
2502	0.65	0.489	0.239	0	0	0
2502.1	0.85	0.366	0.134	0	0	0
2502.2	0.75	0.444	0.197	0	0	0
2502.3	0.85	0.366	0.134	0	0	0
2502.4	0.6	0.503	0.253	0	0	0
2502.5	0.75	0.444	0.197	0	0	0
2502.6	0.85	0.366	0.134	0	0	0
2502.7	0.85	0.366	0.134	0	0	0
2502.8	0.85	0.366	0.134	0	0	0
2502.9	0.9	0.308	0.095	0	0	0
2503	0.75	0.444	0.197	0	0	0
2503.1	0.75	0.444	0.197	0	0	0
2503.2	0.85	0.366	0.134	0	0	0
2503.3	0.9	0.308	0.095	0	0	0
2503.4	1	0	0	0	0	0
2503.5	0.9	0.308	0.095	0	0	0
2503.6	0.95	0.224	0.05	0	0	0
2503.7	0.9	0.308	0.095	0	0	0
2503.8	0.9	0.308	0.095	0	0	0
2503.9	0.95	0.224	0.05	0	0	0
2504	0.9	0.308	0.095	0	0	0
2504.1	0.9	0.308	0.095	0	0	0
2504.2	0.8	0.41	0.168	0	0	0
2504.3	0.7	0.47	0.221	0	0	0
2504.4	1	0	0	0	0	0
2504.5	1	0	0	0	0	0
2504.6	0.95	0.224	0.05	0	0	0
2504.7	0.95	0.224	0.05	0	0	0
2504.8	1	0	0	0	0	0
2504.9	1	0	0	0	0	0
2505	1	0	0	0	0	0
2505.1	1	0	0	0	0	0
2505.2	1	0	0	0	0	0
2505.3	1	0	0	0	0	0
2505.4	0.95	0.224	0.05	0	0	0
2505.5	0.9	0.308	0.095	0	0	0
2505.6	1	0	0	0	0	0
2505.7	1	0	0	0	0	0
2505.8	0.85	0.366	0.134	0	0	0
2505.9	0.75	0.444	0.197	0	0	0
2506	0.8	0.41	0.168	0	0	0
2506.1	0.9	0.308	0.095	0	0	0
2506.2	1	0	0	0	0	0
2506.3	0.85	0.366	0.134	0	0	0
2506.4	0.75	0.444	0.197	0	0	0
2506.5	0.9	0.308	0.095	0	0	0
2506.6	0.9	0.308	0.095	0	0	0
2506.7	0.95	0.224	0.05	0	0	0
2506.8	1	0	0	0	0	0
2506.9	1	0	0	0	0	0
2507	0.95	0.224	0.05	0	0	0
2507.1	0.9	0.308	0.095	0	0	0
2507.2	0.8	0.41	0.168	0	0	0
2507.3	0.9	0.308	0.095	0	0	0
2507.4	0.9	0.308	0.095	0	0	0
2507.5	0.6	0.503	0.253	0	0	0
2507.6	0.7	0.47	0.221	0	0	0
2507.7	0.95	0.224	0.05	0	0	0
2507.8	0.95	0.224	0.05	0	0	0
2507.9	1	0	0	0	0	0
2508	1	0	0	0	0	0
2508.1	1	0	0	0	0	0
2508.2	1	0	0	0	0	0
2508.3	0.85	0.366	0.134	0	0	0
2508.4	1	0	0	0	0	0
2508.5	1	0	0	0	0	0
2508.6	1	0	0	0	0	0
2508.7	1	0	0	0	0	0
2508.8	0.8	0.41	0.168	0	0	0
2508.9	1	0	0	0	0	0
2509	1	0	0	0	0	0
2509.1	1	0	0	0	0	0
2509.2	1	0	0	0	0	0
2509.3	1	0	0	0	0	0
2509.4	1	0	0	0	0	0
2509.5	1	0	0	0	0	0
2509.6	1	0	0	0	0	0
2509.7	1	0	0	0	0	0
2509.8	1	0	0	0	0	0
2509.9	1	0	0	0	0	0
2510	1	0	0	0	0	0
2510.1	1	0	0	0	0	0
2510.2	0.95	0.224	0.05	0	0	0
2510.3	0.95	0.224	0.05	0	0	0
2510.4	1	0	0	0	0	0
2510.5	1	0	0	0	0	0
2510.6	1	0	0	0	0	0
2510.7	1	0	0	0	0	0
2510.8	1	0	0	0	0	0
2510.9	1	0	0	0	0	0
2511	1	0	0	0	0	0
2511.1	1	0	0	0	0	0
2511.2	0.95	0.224	0.05	0	0	0
2511.3	0.95	0.224	0.05	0	0	0
2511.4	1	0	0	0	0	0
2511.5	0.95	0.224	0.05	0	0	0
2511.6	0.95	0.224	0.05	0	0	0
2511.7	1	0	0	0	0	0
2511.8	0.9	0.308	0.095	0	0	0
2511.9	0.9	0.447	0.2	0	0	0
2512	0.871	0.386	0.149	0.118	0.384	0.148
2512.1	1	0	0	0	0	0
2512.2	1	0	0	0	0	0
2512.3	1	0	0	0	0	0
2512.4	1	0	0	0	0	0
2512.5	1	0	0	0	0	0
2512.6	1	0	0	0	0	0
2512.7	1	0	0	0	0	0
2512.8	1	0	0	0	0	0
2512.9	1	0	0	0	0	0
2513	1	0	0	0	0	0
2513.1	1	0	0	0	0	0
2513.2	1	0	0	0	0	0
2513.3	1	0	0	0	0	0
2513.4	1	0	0	0	0	0
2513.5	1	0	0	0	0	0
2513.6	1	0	0	0	0	0
2513.7	1	0	0	0	0	0
2513.8	1	0	0	0	0	0
2513.9	1	0	0	0	0	0
2514	1	0	0	0	0	0
2514.1	1	0	0	0	0	0
2514.2	1	0	0	0	0	0
2514.3	1	0	0	0	0	0
2514.4	1	0	0	0	0	0
2514.5	1	0	0	0	0	0
2514.6	1	0	0	0	0	0
2514.7	1	0	0	0	0	0
2514.8	1	0	0	0	0	0
2514.9	1.05	0.224	0.05	0	0	0
2515	1	0	0	0	0	0
2515.1	0.95	0.394	0.155	0	0	0
2515.2	0.921	0.461	0.213	0.039	0.176	0.031
2515.3	1	0	0	0	0	0
2515.4	1	0	0	0	0	0
2515.5	1	0	0	0	0	0
2515.6	1	0	0	0	0	0
2515.7	1	0	0	0	0	0
2515.8	1	0	0	0	0	0
2515.9	1	0	0	0	0	0
2516	1	0	0	0	0	0
2516.1	1	0	0	0	0	0
2516.2	1	0	0	0	0	0
2516.3	1	0	0	0	0	0
2516.4	1	0	0	0	0	0
2516.5	1	0	0	0	0	0
2516.6	1	0	0	0	0	0
2516.7	1	0	0	0	0	0
2516.8	1	0	0	0	0	0
2516.9	1	0	0	0	0	0
2517	1	0	0	0	0	0
2517.1	1	0	0	0	0	0
2517.2	1	0	0	0	0	0
2517.3	1	0	0	0	0	0
2517.4	1	0	0	0	0	0
2517.5	1	0	0	0	0	0
2517.6	1	0	0	0	0	0
2517.7	1	0	0	0	0	0
2517.8	1	0	0	0	0	0
2517.9	1	0	0	0	0	0
2518	1	0	0	0	0	0
2518.1	1	0	0	0	0	0
2518.2	0.971	0.521	0.271	0.039	0.176	0.031
2518.3	1	0	0	0	0	0
2518.4	1	0	0	0	0	0
2518.5	1	0	0	0	0	0
2518.6	1	0	0	0	0	0
2518.7	1	0	0	0	0	0
2518.8	1	0	0	0	0	0
2518.9	1	0	0	0	0	0
2519	1	0	0	0	0	0
2519.1	1	0	0	0	0	0
2519.2	1.05	0.224	0.05	0	0	0
2519.3	1	0	0	0	0	0
2519.4	1	0	0	0	0	0
2519.5	1	0	0	0	0	0
2519.6	1	0	0	0	0	0
2519.7	1	0	0	0	0	0
2519.8	1	0	0	0	0	0
2519.9	1	0	0	0	0	0
2520	1	0	0	0	0	0
2520.1	1	0	0	0	0	0
2520.2	1	0	0	0	0	0
2520.3	1	0	0	0	0	0
2520.4	1	0	0	0	0	0
2520.5	1	0	0	0	0	0
2520.6	1	0	0	0	0	0
2520.7	1	0	0	0	0	0
2520.8	1	0	0	0	0	0
2520.9	1	0	0	0	0	0
2521	1	0	0	0	0	0
2521.1	1	0	0	0	0	0
2521.2	1	0	0	0	0	0
2521.3	1	0	0	0	0	0
2521.4	1	0	0	0	0	0
2521.5	1.071	0.237	0.056	0.039	0.176	0.031
2521.6	1	0	0	0	0	0
2521.7	1	0	0	0	0	0
2521.8	1	0	0	0	0	0
2521.9	1	0	0	0	0	0
2522	1	0	0	0	0	0
2522.1	1	0	0	0	0	0
2522.2	1	0	0	0	0	0
2522.3	1	0	0	0	0	0
2522.4	1	0	0	0	0	0
2522.5	1	0	0	0	0	0
2522.6	1	0	0	0	0	0
2522.7	1	0	0	0	0	0
2522.8	1	0	0	0	0	0
2522.9	1	0	0	0	0	0
2523	1	0	0	0	0	0
2523.1	1	0	0	0	0	0
2523.2	1	0	0	0	0	0
2523.3	1	0	0	0	0	0
2523.4	1	0	0	0	0	0
2523.5	1	0	0	0	0	0
2523.6	1	0	0	0	0	0
2523.7	1.05	0.224	0.05	0	0	0
2523.8	1	0	0	0	0	0
2523.9	1.15	0.366	0.134	0	0	0
2524	1	0	0	0	0	0
2524.1	1	0	0	0	0	0
2524.2	1	0	0	0	0	0
2524.3	1	0	0	0	0	0
2524.4	1.1	0.308	0.095	0	0	0
2524.5	1.05	0.224	0.05	0	0	0
2524.6	1.386	0.814	0.663	0.164	0.303	0.092
2524.7	1.162	0.458	0.21	0.118	0.288	0.083
2524.8	1.553	0.752	0.566	0.102	0.256	0.065
2524.9	1.304	1	1	0.053	0.403	0.162
2525	1.341	0.46	0.211	0.079	0.242	0.058
2525.1	1.223	0.89	0.793	0.393	0.892	0.796
2525.2	0.995	0.768	0.59	0.455	1.257	1.579
2525.3	1.547	1.03	1.061	0.062	0.158	0.025
2525.4	1.435	0.883	0.779	0.259	0.616	0.38
2525.5	1.923	1.147	1.316	0.071	0.633	0.401
2525.6	1.221	0.41	0.168	0.039	0.176	0.031
2525.7	1.333	0.706	0.498	0.157	0.322	0.104
2525.8	1.212	0.747	0.559	0.118	0.288	0.083
2525.9	1.3	0.47	0.221	0	0	0
2526	1.571	0.495	0.245	0.039	0.176	0.031
2526.1	1.2	0.41	0.168	0	0	0
2526.2	1.2	0.41	0.168	0	0	0
2526.3	1.553	0.596	0.355	0.102	0.256	0.065
2526.4	1.1	0.308	0.095	0	0	0
2526.5	1.1	0.308	0.095	0	0	0
2526.6	1.1	0.308	0.095	0	0	0
2526.7	1.3	0.47	0.221	0	0	0
2526.8	1.25	0.444	0.197	0	0	0
2526.9	1.221	0.41	0.168	0.039	0.176	0.031
2527	1.15	0.366	0.134	0	0	0
2527.1	1.05	0.224	0.05	0	0	0
2527.2	1	0	0	0	0	0
2527.3	1.1	0.308	0.095	0	0	0
2527.4	1.1	0.308	0.095	0	0	0
2527.5	1.05	0.224	0.05	0	0	0
2527.6	1	0	0	0	0	0
2527.7	1	0	0	0	0	0
2527.8	1.1	0.308	0.095	0	0	0
2527.9	1	0	0	0	0	0
2528	1.15	0.366	0.134	0	0	0
2528.1	1.05	0.224	0.05	0	0	0
2528.2	1	0	0	0	0	0
2528.3	1.05	0.224	0.05	0	0	0
2528.4	1	0	0	0	0	0
2528.5	1.05	0.224	0.05	0	0	0
2528.6	1.1	0.308	0.095	0	0	0
2528.7	1.262	0.468	0.219	0.023	0.104	0.011
2528.8	1.471	0.499	0.249	0.039	0.176	0.031
2528.9	1.25	0.444	0.197	0	0	0
2529	1.25	0.444	0.197	0	0	0
2529.1	1.15	0.366	0.134	0	0	0
2529.2	1.1	0.308	0.095	0	0	0
2529.3	1.15	0.366	0.134	0	0	0
2529.4	1.3	0.47	0.221	0	0	0
2529.5	1.7	0.47	0.221	0	0	0
2529.6	1.45	0.51	0.261	0	0	0
2529.7	1.35	0.489	0.239	0	0	0
2529.8	1.25	0.444	0.197	0	0	0
2529.9	1.5	0.513	0.263	0	0	0
2530	1.55	0.51	0.261	0	0	0
2530.1	1.55	0.51	0.261	0	0	0
2530.2	1.45	0.51	0.261	0	0	0
2530.3	1.55	0.51	0.261	0	0	0
2530.4	1.55	0.51	0.261	0	0	0
2530.5	1.65	0.489	0.239	0	0	0
2530.6	1.65	0.489	0.239	0	0	0
2530.7	1.75	0.444	0.197	0	0	0
2530.8	1.8	0.41	0.168	0	0	0
2530.9	1.6	0.503	0.253	0	0	0
2531	1.9	0.308	0.095	0	0	0
2531.1	1.85	0.366	0.134	0	0	0
2531.2	1.9	0.308	0.095	0	0	0
2531.3	1.9	0.308	0.095	0	0	0
2531.4	1.85	0.366	0.134	0	0	0
2531.5	1.8	0.41	0.168	0	0	0
2531.6	1.95	0.224	0.05	0	0	0
2531.7	1.95	0.224	0.05	0	0	0
2531.8	2	0	0	0	0	0
2531.9	2	0	0	0	0	0
2532	1.874	0.383	0.147	0.046	0.143	0.02
2532.1	1.833	0.504	0.254	0.162	0.227	0.051
2532.2	1.871	0.325	0.106	0.039	0.176	0.031
2532.3	2.012	0.053	0.003	0.023	0.104	0.011
2532.4	2	0	0	0	0	0
2532.5	2	0	0	0	0	0
2532.6	2	0	0	0	0	0
2532.7	2	0	0	0	0	0
2532.8	1.95	0.224	0.05	0	0	0
2532.9	2.024	0.073	0.005	0.046	0.143	0.02
2533	2	0	0	0	0	0
2533.1	2	0	0	0	0	0
2533.2	2.024	0.073	0.005	0.046	0.143	0.02
2533.3	2.035	0.086	0.007	0.07	0.17	0.029
2533.4	2.106	0.12	0.015	0.209	0.237	0.056
2533.5	2.071	0.111	0.012	0.139	0.218	0.048
2533.6	2.059	0.105	0.011	0.116	0.206	0.042
2533.7	2.13	0.12	0.015	0.255	0.237	0.056
2533.8	2.083	0.116	0.013	0.162	0.227	0.051
2533.9	2.142	0.119	0.014	0.278	0.233	0.054
2534	2.142	0.119	0.014	0.278	0.233	0.054
2534.1	2.142	0.119	0.014	0.278	0.233	0.054
2534.2	2.142	0.119	0.014	0.278	0.233	0.054
2534.3	2.165	0.111	0.012	0.325	0.218	0.048
2534.4	2.201	0.086	0.007	0.394	0.17	0.029
2534.5	2.224	0.053	0.003	0.44	0.104	0.011
2534.6	2.236	0	0	0.464	0	0
2534.7	2.201	0.086	0.007	0.394	0.17	0.029
2534.8	2.224	0.053	0.003	0.44	0.104	0.011
2534.9	2.236	0	0	0.464	0	0
2535	2.236	0	0	0.464	0	0
2535.1	2.224	0.053	0.003	0.44	0.104	0.011
2535.2	2.236	0	0	0.464	0	0
2535.3	2.121	0.325	0.106	0.366	0.319	0.102
2535.4	2.095	0.255	0.065	0.38	0.245	0.06
2535.5	2.236	0	0	0.464	0	0
2535.6	2.236	0	0	0.464	0	0
2535.7	2.236	0	0	0.464	0	0
2535.8	2.236	0	0	0.464	0	0
2535.9	2.236	0	0	0.464	0	0
2536	2.236	0	0	0.464	0	0
2536.1	2.236	0	0	0.464	0	0
2536.2	2.236	0	0	0.464	0	0
2536.3	2.236	0	0	0.464	0	0
2536.4	2.236	0	0	0.464	0	0
2536.5	2.236	0	0	0.464	0	0
2536.6	2.236	0	0	0.464	0	0
2536.7	2.236	0	0	0.464	0	0
2536.8	2.236	0	0	0.464	0	0
2536.9	2.236	0	0	0.464	0	0
2537	2.236	0	0	0.464	0	0
2537.1	2.236	0	0	0.464	0	0
2537.2	2.236	0	0	0.464	0	0
2537.3	2.236	0	0	0.464	0	0
2537.4	2.236	0	0	0.464	0	0
2537.5	2.236	0	0	0.464	0	0
2537.6	2.236	0	0	0.464	0	0
2537.7	2.236	0	0	0.464	0	0
2537.8	2.236	0	0	0.464	0	0
2537.9	2.236	0	0	0.464	0	0
2538	2.236	0	0	0.464	0	0
2538.1	2.236	0	0	0.464	0	0
2538.2	2.236	0	0	0.464	0	0
2538.3	2.236	0	0	0.464	0	0
2538.4	2.236	0	0	0.464	0	0
2538.5	2.236	0	0	0.464	0	0
2538.6	2.236	0	0	0.464	0	0
2538.7	2.236	0	0	0.464	0	0
2538.8	2.266	0.132	0.018	0.48	0.072	0.005
2538.9	1.989	0.451	0.203	0.562	0.307	0.094
2539	2.031	0.365	0.133	0.544	0.143	0.02
2539.1	1.99	0.386	0.149	0.56	0.151	0.023
2539.2	2.236	0	0	0.464	0	0
2539.3	2.072	0.337	0.114	0.528	0.132	0.017
2539.4	2.195	0.184	0.034	0.48	0.072	0.005
2539.5	2.031	0.365	0.133	0.544	0.143	0.02
2539.6	2.113	0.301	0.091	0.512	0.118	0.014
2539.7	2.031	0.365	0.133	0.544	0.143	0.02
2539.8	2.072	0.337	0.114	0.528	0.132	0.017
2539.9	1.99	0.386	0.149	0.56	0.151	0.023
2540	2.031	0.365	0.133	0.544	0.143	0.02
2540.1	1.99	0.386	0.149	0.56	0.151	0.023