292.65	0
292.777110661	5.35578163146973
292.904202644	10.0419393157959
293.031275949	3.18738204956055
293.158330576	6.43894111633301
293.285366525	10.124857635498
293.412383796	-3.69298385620117
293.539382389	6.41572517395019
293.666362304	6.54767921447754
293.793323541	2.4816072845459
293.9202661	2.41225059509277
294.047189981	5.10997421264648
294.174095184	0.910269546508789
294.300981709	4.51977256774902
294.427849556	4.63280662536621
294.554698725	6.72273567199707
294.681529216	8.42370300292969
294.808341029	2.42763526916504
294.935134164	7.83201309204102
295.061908621	6.15226593017578
295.1886644	3.16724113464355
295.315401501	4.14358245849609
295.442119924	3.63959938049316
295.568819669	7.31684173583984
295.695500736	5.45945281982422
295.822163125	8.49398712158203
295.948806836	10.0061923217773
296.075431869	13.990675201416
296.202038224	26.8238275909424
296.328625901	50.3672179412842
296.4551949	86.433518371582
296.581745221	114.846973190308
296.708276864	113.309710083008
296.834789829	114.222492523193
296.961284116	92.1511753845215
297.087759725	62.0139730072021
297.214216656	14.2250689697266
297.340654909	6.03354110717773
297.467074484	2.16613082885742
297.593475381	7.73836730957031
297.7198576	4.57207557678223
297.846221141	6.90118324279785
297.972566004	4.25797538757324
298.098892189	5.84325828552246
298.225199696	5.98484069824219
298.351488525	5.53844917297363
298.477758676	4.1364234161377
298.604010149	5.32511772155762
298.730242944	11.4762915039062
298.856457061	-3.03566368103027
298.9826525	8.81968086242676
299.108829261	8.28930038452148
299.234987344	3.14754295349121
299.361126749	5.00898063659668
299.487247476	1.06577964782715
299.613349525	9.83177299499512
299.739432896	5.06733909606934
299.865497589	3.37910926818848
299.991543604	6.38627540588379
300.117570941	7.05382019042969
300.2435796	-2.93528991699219
300.369569581	7.97124816894531
300.495540884	4.32868728637695
300.621493509	4.03430885314941
300.747427456	5.1844953918457
300.873342725	7.05889274597168
300.999239316	2.62715141296387
301.125117229	4.16446876525879
301.250976464	8.79088973999023
301.376817021	6.79755424499512
301.5026389	11.7962786102295
301.628442101	22.0056657409668
301.754226624	32.9842441558838
301.879992469	58.8901935577393
302.005739636	74.3493994140625
302.131468125	85.5877733612061
302.257177936	79.5885024261475
302.382869069	76.547950592041
302.508541524	50.1848477935791
302.634195301	25.8987800598145
302.7598304	15.4577820587158
302.885446821	8.4402165222168
303.011044564	3.20330200195312
303.136623629	7.83847457885742
303.262184016	4.50591247558594
303.387725725	5.35509880065918
303.513248756	7.95134780883789
303.638753109	5.74827659606934
303.764238784	2.62412498474121
303.889705781	7.64783447265625
304.0151541	5.83360260009766
304.140583741	6.87948226928711
304.265994704	4.66144577026367
304.391386989	5.70815582275391
304.516760596	10.0396997833252
304.642115525	5.46684982299805
304.767451776	11.5129578399658
304.892769349	7.49923164367676
305.018068244	5.18460624694824
305.143348461	8.30555282592773
305.26861	3.6539379119873
305.393852861	4.49823486328125
305.519077044	2.23699920654297
305.644282549	6.44724739074707
305.769469376	7.16135040283203
305.894637525	4.13430541992187
306.019786996	5.95862037658691
306.144917789	4.13078308105469
306.270029904	0.34370002746582
306.395123341	3.62388404846191
306.5201981	4.10132194519043
306.645254181	3.6778157043457
306.770291584	7.77309394836426
306.895310309	12.0061310577393
307.020310356	8.93806854248047
307.145291725	8.8203044128418
307.270254416	5.86631172180176
307.395198429	6.18429153442383
307.520123764	8.59053184509277
307.645030421	4.50367462158203
307.7699184	5.07771751403809
307.894787701	9.08540885925293
308.019638324	4.78625968933105
308.144470269	5.02133529663086
308.269283536	6.66690666198731
308.394078125	8.82869293212891
308.518854036	5.00444961547851
308.643611269	7.2488890838623
308.768349824	4.11058486938477
308.893069701	6.35638488769531
309.0177709	5.96411651611328
309.142453421	4.81803329467773
309.267117264	7.73339797973633
309.391762429	3.57899475097656
309.516388916	5.87874130249023
309.640996725	7.97129196166992
309.765585856	4.80014739990234
309.890156309	8.03939880371094
310.014708084	8.9739185333252
310.139241181	6.91727760314941
310.2637556	7.61645744323731
310.388251341	5.10293388366699
310.512728404	3.65260078430176
310.637186789	8.78411994934082
310.761626496	10.7901161193848
310.886047525	6.33379493713379
311.010449876	6.93755523681641
311.134833549	9.61678527832031
311.259198544	7.26484191894531
311.383544861	11.8431064605713
311.5078725	11.8880302429199
311.632181461	9.56634437561035
311.756471744	13.7734603118896
311.880743349	21.9380810546875
312.004996276	52.8628322601318
312.129230525	103.525270767212
312.253446096	253.972760696411
312.377642989	383.490174407959
312.501821204	426.252335891724
312.625980741	462.751216125488
312.7501216	524.831834259033
312.874243781	635.840640106201
312.998347284	616.911044158936
313.122432109	580.838483886719
313.246498256	551.253249969482
313.370545725	471.774070739746
313.494574516	327.915669555664
313.618584629	104.26991973877
313.742576064	21.2025314331055
313.866548821	8.41695945739746
313.9905029	10.733381652832
314.114438301	8.82186431884766
314.238355024	7.58798690795898
314.362253069	6.8437100982666
314.486132436	13.721635055542
314.609993125	3.61696876525879
314.733835136	5.67960990905762
314.857658469	9.19064880371094
314.981463124	7.29908348083496
315.105249101	4.7596467590332
315.2290164	6.64932762145996
315.352765021	3.36244438171387
315.476494964	7.25825462341309
315.600206229	1.68365463256836
315.723898816	6.98198768615723
315.847572725	4.24042015075684
315.971227956	6.10099678039551
316.094864509	6.84407356262207
316.218482384	8.21649719238281
316.342081581	9.61838508605957
316.4656621	7.37900787353516
316.589223941	7.74457458496094
316.712767104	5.04017013549805
316.836291589	5.63310745239258
316.959797396	9.74022277832031
317.083284525	7.97478126525879
317.206752976	7.67251937866211
317.330202749	7.76015647888184
317.453633844	4.32549514770508
317.577046261	7.38662422180176
317.70044	6.10703384399414
317.823815061	5.53902740478516
317.947171444	7.95104698181152
318.070509149	6.83159294128418
318.193828176	3.31496871948242
318.317128525	4.26694274902344
318.440410196	6.42477661132813
318.563673189	5.27325805664062
318.686917504	3.54379997253418
318.810143141	4.31572784423828
318.9333501	6.08095001220703
319.056538381	9.69588989257812
319.179707984	6.71537925720215
319.302858909	4.76515525817871
319.425991156	6.10097076416016
319.549104725	5.5145987701416
319.672199616	7.93853630065918
319.795275829	1.18152198791504
319.918333364	6.70935646057129
320.041372221	5.15270622253418
320.1643924	8.69970626831055
320.287393901	5.57895179748535
320.410376724	5.76562683105469
320.533340869	8.21729133605957
320.656286336	6.95925422668457
320.779213125	3.30255966186523
320.902121236	3.55237159729004
321.025010669	6.58862800598145
321.147881424	2.92771675109863
321.270733501	5.67236694335937
321.3935669	3.70271675109863
321.516381621	7.38805541992187
321.639177664	5.40999412536621
321.761955029	6.34268142700195
321.884713716	6.87580406188965
322.007453725	3.69519676208496
322.130175056	5.8957975769043
322.252877709	2.52848083496094
322.375561684	7.05890441894531
322.498226981	2.79891090393066
322.6208736	4.49430099487305
322.743501541	2.47403732299805
322.866110804	7.41267059326172
322.988701389	6.74336029052734
323.111273296	7.32396110534668
323.233826525	5.74092643737793
323.356361076	3.55233222961426
323.478876949	5.27856231689453
323.601374144	4.27652320861816
323.723852661	5.23075386047363
323.8463125	5.0225643157959
323.968753661	3.59556610107422
324.091176144	3.61947883605957
324.213579949	6.70613929748535
324.335965076	6.85420989990234
324.458331525	0.559276809692383
324.580679296	7.78196350097656
324.703008389	5.57768203735352
324.825318804	5.46007095336914
324.947610541	9.14873428344726
325.0698836	4.61768203735352
325.192137981	7.30017196655273
325.314373684	7.46075263977051
325.436590709	6.37100143432617
325.558789056	3.02253547668457
325.680968725	7.57693344116211
325.803129716	5.27923126220703
325.925272029	5.05674133300781
326.047395664	4.58291007995605
326.169500621	2.60195945739746
326.2915869	2.87649780273438
326.413654501	7.66388206481934
326.535703424	5.75455101013184
326.657733669	3.43614921569824
326.779745236	3.57148384094238
326.901738125	6.47686309814453
327.023712336	6.53624092102051
327.145667869	4.77395889282227
327.267604724	-0.169112930297852
327.389522901	3.13394897460937
327.5114224	2.82552238464355
327.633303221	8.89405403137207
327.755165364	3.42564353942871
327.877008829	7.74999656677246
327.998833616	5.32031509399414
328.120639725	4.85979919433594
328.242427156	7.44472358703613
328.364195909	7.46696533203125
328.485945984	4.84156005859375
328.607677381	4.88128768920898
328.7293901	4.26213203430176
328.851084141	8.47193992614746
328.972759504	2.34278953552246
329.094416189	2.95858489990234
329.216054196	3.89342376708984
329.337673525	2.98482582092285
329.459274176	4.68546287536621
329.580856149	0.906047592163086
329.702419444	7.70439575195313
329.823964061	5.94183486938477
329.94549	4.46718872070312
330.066997261	5.74825645446777
330.188485844	6.85024597167969
330.309955749	5.84350402832031
330.431406976	6.12407196044922
330.552839525	3.39104011535645
330.674253396	0.366490936279297
330.795648589	8.69976509094238
330.917025104	9.17138404846191
331.038382941	-2.82403610229492
331.1597221	5.16564598083496
331.281042581	10.5117893218994
331.402344384	8.04247718811035
331.523627509	3.74982925415039
331.644891956	4.82925506591797
331.766137725	7.21482116699219
331.887364816	7.63015022277832
332.008573229	5.93487197875977
332.129762964	4.99096633911133
332.250934021	2.35178001403809
332.3720864	0.91123405456543
332.493220101	5.98302619934082
332.614335124	0.081320190429687
332.735431469	3.83608749389648
332.856509136	11.0011689758301
332.977568125	6.71885040283203
333.098608436	3.99611289978027
333.219630069	5.99387641906738
333.340633024	4.12671028137207
333.461617301	10.6744731903076
333.5825829	9.90573425292969
333.703529821	19.1341546630859
333.824458064	36.9754705810547
333.945367629	50.5279251861572
334.066258516	57.370435256958
334.187130725	62.6707643127441
334.307984256	61.0065798187256
334.428819109	46.7725570678711
334.549635284	22.9171570587158
334.670432781	7.48201393127441
334.7912116	4.30917602539063
334.911971741	6.59800666809082
335.032713204	6.07957077026367
335.153435989	4.11878067016602
335.274140096	7.47663589477539
335.394825525	5.96146392822266
335.515492276	2.63844696044922
335.636140349	8.58921691894531
335.756769744	7.76359474182129
335.877380461	7.69360527038574
335.9979725	6.75210746765137
336.118545861	4.7391667175293
336.239100544	11.3022788238525
336.359636549	2.85653610229492
336.480153876	2.69692497253418
336.600652525	9.18519416809082
336.721132496	4.92156150817871
336.841593789	5.2453360748291
336.962036404	3.87548263549805
337.082460341	3.8429328918457
337.2028656	1.53175239562988
337.323252181	4.17443626403809
337.443620084	6.90573204040527
337.563969309	4.92585319519043
337.684299856	1.03708267211914
337.804611725	2.77259857177734
337.924904916	2.33254776000977
338.045179429	3.22998809814453
338.165435264	8.74286811828613
338.285672421	4.22695220947266
338.4058909	2.17683570861816
338.526090701	6.46252883911133
338.646271824	3.75650665283203
338.766434269	-0.752546157836914
338.886578036	7.29717437744141
339.006703125	2.58936592102051
339.126809536	8.33974052429199
339.246897269	3.7909659576416
339.366966324	2.77101089477539
339.487016701	2.22985763549805
339.6070484	5.95767074584961
339.727061421	9.10185585021973
339.847055764	2.96066230773926
339.967031429	8.12827400207519
340.086988416	3.98613792419434
340.206926725	6.29931632995605
340.326846356	1.22941268920898
340.446747309	3.86003021240234
340.566629584	4.21976776123047
340.686493181	4.77495986938477
340.8063381	6.32784454345703
340.926164341	5.16863929748535
341.045971904	5.51157943725586
341.165760789	5.16389739990234
341.285530996	4.09404800415039
341.405282525	4.2899397277832
341.525015376	9.59304718017578
341.644729549	2.79275405883789
341.764425044	6.79205039978027
341.884101861	6.27645362854004
342.00376	4.66692276000977
342.123399461	6.3617219543457
342.243020244	3.88630241394043
342.362622349	6.02164573669434
342.482205776	3.39504135131836
342.601770525	1.78055603027344
342.721316596	9.4869800567627
342.840843989	3.95945541381836
342.960352704	7.19050765991211
343.079842741	5.81211730957031
343.1993141	4.62219291687012
343.318766781	3.52428344726563
343.438200784	8.39382301330566
343.557616109	-1.60262924194336
343.677012756	1.83858505249023
343.796390725	7.05592842102051
343.915750016	5.36108085632324
344.035090629	8.4471231842041
344.154412564	5.37336349487305
344.273715821	7.4308332824707
344.3930004	4.08256408691406
344.512266301	5.07946655273437
344.631513524	3.37955764770508
344.750742069	4.39759010314941
344.869951936	5.79200668334961
344.989143125	4.48324234008789
345.108315636	8.07699211120605
345.227469469	2.29543327331543
345.346604624	2.83776611328125
345.465721101	12.3165985870361
345.5848189	9.7760969543457
345.703898021	6.37371795654297
345.822958464	4.77792381286621
345.942000229	7.49287422180176
346.061023316	6.40704879760742
346.180027725	8.17291450500488
346.299013456	5.48023712158203
346.417980509	5.30597579956055
346.536928884	7.46304618835449
346.655858581	1.54779273986816
346.7747696	8.46426513671875
346.893661941	4.80298606872559
347.012535604	3.52721672058105
347.131390589	5.52617904663086
347.250226896	7.20482780456543
347.369044525	9.82059715270996
347.487843476	1.55055686950684
347.606623749	4.96839012145996
347.725385344	7.38326957702637
347.844128261	7.39219657897949
347.9628525	4.63517761230469
348.081558061	4.71918083190918
348.200244944	4.1800611114502
348.318913149	5.60002700805664
348.437562676	1.82360885620117
348.556193525	22.2222374725342
348.674805696	4.96430725097656
348.793399189	8.66085121154785
348.911974004	10.4854564666748
349.030530141	9.73308303833008
349.1490676	8.37316452026367
349.267586381	5.61677764892578
349.386086484	9.27102905273438
349.504567909	9.3819905090332
349.623030656	3.21874176025391
349.741474725	7.47318466186523
349.859900116	9.62662117004395
349.978306829	6.22187461853027
350.096694864	7.5760498046875
350.215064221	3.11187461853027
350.3334149	9.33711288452148
350.451746901	6.22393447875977
350.570060224	8.65482559204102
350.688354869	6.54651550292969
350.806630836	2.94975219726562
350.924888125	3.12478408813477
351.043126736	10.5490897369385
351.161346669	8.67953247070312
351.279547924	8.51584312438965
351.397730501	8.66863609313965
351.5158944	9.43872718811035
351.634039621	9.70859115600586
351.752166164	3.16908752441406
351.870274029	3.4162784576416
351.988363216	5.66723526000977
352.106433725	6.2838346862793
352.224485556	9.64938652038574
352.342518709	8.7441584777832
352.460533184	6.55205863952637
352.578528981	6.3680802154541
352.6965061	9.78555061340332
352.814464541	7.61977600097656
352.932404304	10.5254235839844
353.050325389	9.50860725402832
353.168227796	6.63731147766113
353.286111525	9.75496871948242
353.403976576	8.84114921569824
353.521822949	5.82611328125
353.639650644	8.48161895751953
353.757459661	6.76632522583008
353.87525	9.62460929870606
353.993021661	7.77939735412598
354.110774644	5.85727180480957
354.228508949	6.54470626831055
354.346224576	6.42437255859375
354.463921525	3.85395767211914
354.581599796	6.30248001098633
354.699259389	11.6435328674316
354.816900304	10.7476417541504
354.934522541	5.80353286743164
355.0521261	7.72373085021973
355.169710981	8.6955973815918
355.287277184	5.47415565490723
355.404824709	6.39119010925293
355.522353556	7.15984817504883
355.639863725	7.60599212646484
355.757355216	9.78441932678223
355.874828029	7.72565284729004
355.992282164	7.63016792297363
356.109717621	12.9626572418213
356.2271344	9.8173796081543
356.344532501	5.27554718017578
356.461911924	7.04263244628906
356.579272669	5.38786575317383
356.696614736	9.85245582580566
356.813938125	6.00509231567383
356.931242836	6.52298225402832
357.048528869	10.1432090759277
357.165796224	4.30087158203125
357.283044901	7.4710897064209
357.4002749	9.51788650512695
357.517486221	10.0525119018555
357.634678864	4.62742980957031
357.751852829	3.33714256286621
357.869008116	10.0987516021729
357.986144725	4.64156066894531
358.103262656	0.772562103271484
358.220361909	3.9456453704834
358.337442484	4.97496711730957
358.454504381	7.17991691589356
358.5715476	4.81459716796875
358.688572141	2.05307861328125
358.805578004	7.34344856262207
358.922565189	7.00517562866211
359.039533696	6.90828186035156
359.156483525	10.5805651092529
359.273414676	9.42056449890137
359.390327149	11.9671385192871
359.507220944	10.9832725524902
359.624096061	8.8515625
359.7409525	3.96676452636719
359.857790261	7.60091369628906
359.974609344	6.96409736633301
360.091409749	5.86335807800293
360.208191476	5.99427925109863
360.324954525	7.89205825805664
360.441698896	5.94000305175781
360.558424589	5.4510661315918
360.675131604	7.9911222076416
360.791819941	11.6373820495605
360.9084896	7.86867317199707
361.025140581	2.24271110534668
361.141772884	7.97170440673828
361.258386509	9.9546907043457
361.374981456	7.64788833618164
361.491557725	7.14489738464355
361.608115316	6.83568748474121
361.724654229	9.09855140686035
361.841174464	2.31884452819824
361.957676021	7.96633041381836
362.0741589	10.9297514343262
362.190623101	10.0141292572021
362.307068624	7.82573890686035
362.423495469	6.0329044342041
362.539903636	6.49376953125
362.656293125	9.90601715087891
362.772663936	6.61665946960449
362.889016069	11.5973780059814
363.005349524	11.5710372924805
363.121664301	7.0117911529541
363.2379604	14.0729512023926
363.354237821	17.0079351043701
363.470496564	11.0808098602295
363.586736629	9.6520393371582
363.702958016	10.1065036010742
363.819160725	11.8138314819336
363.935344756	11.4177485656738
364.051510109	13.5813409423828
364.167656784	12.0399494171143
364.283784781	25.1044998168945
364.3998941	54.3805917358398
364.515984741	197.053603439331
364.632056704	497.819392929077
364.748109989	668.519651641846
364.864144596	785.061989746094
364.980160525	869.376265945435
365.096157776	919.981681442261
365.212136349	763.885659255981
365.328096244	504.866205825806
365.444037461	339.695471801758
365.55996	238.320760269165
365.675863861	174.046777801514
365.791749044	110.856934280396
365.907615549	107.5496925354
366.023463376	120.518325805664
366.139292525	114.120583648682
366.255102996	120.91629196167
366.370894789	119.280932846069
366.486667904	105.946560287476
366.602422341	65.9774761962891
366.7181581	33.692749786377
366.833875181	23.6019804382324
366.949573584	17.119338684082
367.065253309	6.57823066711426
367.180914356	10.0451947784424
367.296556725	13.2773342895508
367.412180416	11.6224761962891
367.527785429	10.8491217803955
367.643371764	13.1576038360596
367.758939421	10.1148657226562
367.8744884	11.0431953430176
367.990018701	14.1475731658936
368.105530324	12.957522354126
368.221023269	11.1301895141602
368.336497536	7.9985498046875
368.451953125	4.87784675598145
368.567390036	9.42260848999024
368.682808269	5.20882865905762
368.798207824	10.2059288024902
368.913588701	10.6994161224365
369.0289509	6.75802398681641
369.144294421	5.24367500305176
369.259619264	7.13546836853027
369.374925429	4.15382865905762
369.490212916	4.20115684509277
369.605481725	6.9272989654541
369.720731856	8.25521026611328
369.835963309	12.2061159515381
369.951176084	3.89651191711426
370.066370181	5.81631393432617
370.1815456	9.00095481872559
370.296702341	14.1140622711182
370.411840404	13.1350342559814
370.526959789	7.20016532897949
370.642060496	5.23670402526855
370.757142525	5.39996269226074
370.872205876	13.70423828125
370.987250549	8.54339920043945
371.102276544	8.08459396362305
371.217283861	10.6539705657959
371.3322725	10.6104187774658
371.447242461	10.8861373138428
371.562193744	7.98361671447754
371.677126349	9.63944091796875
371.792040276	10.2195431518555
371.906935525	12.1991242218018
372.021812096	9.27128509521484
372.136669989	12.0417808532715
372.251509204	4.89897178649902
372.366329741	11.218399810791
372.4811316	13.0287899017334
372.595914781	4.88569236755371
372.710679284	11.2049893188477
372.825425109	10.6848935699463
372.940152256	10.7901203918457
373.054860725	8.13575340270996
373.169550516	7.1266544342041
373.284221629	7.30008567810059
373.398874064	6.92396186828613
373.513507821	9.10556655883789
373.6281229	8.21396774291992
373.742719301	5.75871894836426
373.857297024	5.72531311035156
373.971856069	2.6953645324707
374.086396436	7.49373970031738
374.200918125	5.23135139465332
374.315421136	9.47897239685059
374.429905469	6.91617942810059
374.544371124	8.3227481842041
374.658818101	6.17596130371094
374.7732464	7.99881530761719
374.887656021	6.50600280761719
375.002046964	6.96796569824219
375.116419229	6.12414497375488
375.230772816	6.99719573974609
375.345107725	7.54780364990234
375.459423956	9.78518264770508
375.573721509	9.91088630676269
375.688000384	10.0744641113281
375.802260581	5.58662963867187
375.9165021	6.40616394042969
376.030724941	9.17829010009766
376.144929104	9.22964134216309
376.259114589	8.12021331787109
376.373281396	4.30853828430176
376.487429525	6.94871551513672
376.601558976	8.78284393310547
376.715669749	9.32120544433594
376.829761844	7.38227905273437
376.943835261	4.36391876220703
377.05789	7.1518074798584
377.171926061	7.92016777038574
377.285943444	11.3423187255859
377.399942149	7.05737358093262
377.513922176	8.24364395141601
377.627883525	12.8821467590332
377.741826196	6.22658531188965
377.855750189	10.988563079834
377.969655504	8.8518985748291
378.083542141	11.1258515930176
378.1974101	10.0847330474854
378.311259381	7.92412078857422
378.425089984	6.34964256286621
378.538901909	10.8955525970459
378.652695156	9.24998184204102
378.766469725	6.86552780151367
378.880225616	13.3422282409668
378.993962829	9.40127700805664
379.107681364	7.62563285827637
379.221381221	6.38130767822266
379.3350624	10.1949911499023
379.448724901	4.32769332885742
379.562368724	2.89169715881348
379.675993869	7.01455642700195
379.789600336	6.93158065795898
379.903188125	9.07555847167969
380.016757236	9.59863525390625
380.130307669	9.42271469116211
380.243839424	6.35424255371094
380.357352501	10.0956802368164
380.4708469	8.95592781066895
380.584322621	8.07366592407227
380.697779664	7.93393363952637
380.811218029	7.18638145446777
380.924637716	5.53354293823242
381.038038725	11.9394560241699
381.151421056	8.07973892211914
381.264784709	6.20603004455566
381.378129684	8.73919700622559
381.491455981	6.05893890380859
381.6047636	10.3905030059814
381.718052541	3.08567497253418
381.831322804	9.69943992614746
381.944574389	10.4298399353027
382.057807296	5.41441635131836
382.171021525	9.94306449890137
382.284217076	7.4181453704834
382.397393949	8.40130828857422
382.510552144	9.30105018615723
382.623691661	7.42438507080078
382.7368125	8.39831672668457
382.849914661	7.97709777832031
382.962998144	4.44154815673828
383.076062949	5.15606071472168
383.189109076	5.40277076721191
383.302136525	4.7677400970459
383.415145296	4.03409599304199
383.528135389	9.37973426818848
383.641106804	7.899931640625
383.754059541	4.89268989562988
383.8669936	6.90585220336914
383.979908981	6.5343147277832
384.092805684	5.9427766418457
384.205683709	10.1622703552246
384.318543056	7.11888404846191
384.431383725	6.52880905151367
384.544205716	5.20976554870605
384.657009029	9.47702278137207
384.769793664	5.24192642211914
384.882559621	11.9170816802979
384.9953069	8.0108487701416
385.108035501	6.34894538879395
385.220745424	9.38438972473145
385.333436669	17.1278169250488
385.446109236	4.07547416687012
385.558763125	6.8352613067627
385.671398336	8.43067680358887
385.784014869	5.50139999389648
385.896612724	8.4649275970459
386.009191901	9.07944175720215
386.1217524	5.99525604248047
386.234294221	12.575353012085
386.346817364	11.5071947479248
386.459321829	11.9956359100342
386.571807616	8.52497901916504
386.684274725	7.64866188049316
386.796723156	7.76538772583008
386.909152909	8.18709373474121
387.021563984	8.7375284576416
387.133956381	3.45015563964844
387.2463301	6.53075302124023
387.358685141	7.32341026306152
387.471021504	5.96844902038574
387.583339189	9.17920906066895
387.695638196	9.14841957092285
387.807918525	9.26288909912109
387.920180176	6.51587295532227
388.032423149	8.92326309204102
388.144647444	12.5709764099121
388.256853061	6.1372762298584
388.36904	6.95073226928711
388.481208261	6.64073287963867
388.593357844	4.25322036743164
388.705488749	7.40463508605957
388.817600976	8.45308647155762
388.929694525	13.1597863006592
389.041769396	7.02520179748535
389.153825589	3.48772239685059
389.265863104	11.5628187561035
389.377881941	9.53179069519043
389.4898821	8.91679656982422
389.601863581	11.5863209533691
389.713826384	9.44267097473145
389.825770509	12.3602272033691
389.937695956	11.5971451568604
390.049602725	10.7353582763672
390.161490816	12.0184697723389
390.273360229	9.65353263854981
390.385210964	14.1161068725586
390.497043021	11.1336631011963
390.6088564	10.5845848846436
390.720651101	15.581791305542
390.832427124	11.496330871582
390.944184469	10.4185413360596
391.055923136	10.1657991790771
391.167643125	11.0911028289795
391.279344436	8.20204414367676
391.391027069	9.11836471557617
391.502691024	8.54590545654297
391.614336301	6.7482689666748
391.7259629	6.12363830566406
391.837570821	7.43640243530273
391.949160064	12.174306640625
392.060730629	9.62985382080078
392.172282516	8.7773477935791
392.283815725	12.1606219482422
392.395330256	7.54639656066895
392.506826109	8.16159919738769
392.618303284	9.30128067016602
392.729761781	6.17520240783691
392.8412016	8.13393203735352
392.952622741	4.22043266296387
393.064025204	11.4163770294189
393.175408989	9.63262138366699
393.286774096	3.59222663879395
393.398120525	6.61794639587402
393.509448276	7.77808647155762
393.620757349	5.21971130371094
393.732047744	9.04781875610352
393.843319461	1.92901817321777
393.9545725	4.83291915893555
394.065806861	10.9108753967285
394.177022544	11.1091340637207
394.288219549	4.92202865600586
394.399397876	9.11528327941894
394.510557525	7.28602478027344
394.621698496	10.1348637390137
394.732820789	9.2098030090332
394.843924404	11.595450592041
394.955009341	11.2252377319336
395.0660756	11.1927632904053
395.177123181	5.89038429260254
395.288152084	6.97709030151367
395.399162309	12.5327939605713
395.510153856	10.5592663574219
395.621126725	8.66286026000977
395.732080916	10.6164278411865
395.843016429	9.52573287963867
395.953933264	12.6310526275635
396.064831421	6.31838668823242
396.1757109	6.93313728332519
396.286571701	9.03789558410645
396.397413824	4.28816856384277
396.508237269	4.83112358093262
396.619042036	9.48889236450195
396.729828125	1.25050201416016
396.840595536	7.48165466308594
396.951344269	6.02473793029785
397.062074324	8.59938346862793
397.172785701	10.3051828765869
397.2834784	12.4779612731934
397.394152421	8.97324478149414
397.504807764	11.5661241912842
397.615444429	8.23538551330566
397.726062416	7.14462577819824
397.836661725	9.79333526611328
397.947242356	11.3399253845215
398.057804309	9.44593208312988
398.168347584	11.1124453735352
398.278872181	12.6813274383545
398.3893781	13.1567221832275
398.499865341	15.5930120849609
398.610333904	10.5536655426025
398.720783789	9.61641792297363
398.831214996	11.07778465271
398.941627525	10.48837059021
399.052021376	16.25409034729
399.162396549	10.5281846618652
399.272753044	13.247815322876
399.383090861	13.3826734161377
399.49341	10.4968941497803
399.603710461	14.3339279937744
399.713992244	6.190400390625
399.824255349	13.5379665374756
399.934499776	12.1157554626465
400.044725525	13.2983919525146
400.154932596	14.4550765991211
400.265120989	10.7042375183105
400.375290704	11.4146338653564
400.485441741	9.29881675720215
400.5955741	17.6644036102295
400.705687781	13.4352342987061
400.815782784	10.5196824645996
400.925859109	11.507293548584
401.035916756	12.6631449890137
401.145955725	6.63921211242676
401.255976016	12.8643131256104
401.365977629	10.553240737915
401.475960564	14.2749306488037
401.585924821	10.5051788330078
401.6958704	16.6485899353027
401.805797301	15.6842322540283
401.915705524	12.6224459838867
402.025595069	14.3438777923584
402.135465936	17.6512465667725
402.245318125	17.2961408996582
402.355151636	17.2177945709229
402.464966469	13.9260284423828
402.574762624	10.2392623138428
402.684540101	11.9720512390137
402.7942989	14.6651239776611
402.904039021	11.7696731567383
403.013760464	14.4929872894287
403.123463229	18.6979624938965
403.233147316	14.6076387023926
403.342812725	14.6414036560059
403.452459456	16.8147528076172
403.562087509	11.7392836761475
403.671696884	16.8005516052246
403.781287581	24.1862211608887
403.8908596	30.6793893432617
404.000412941	72.6585645294189
404.109947604	278.539986114502
404.219463589	649.030927429199
404.328960896	892.039186706543
404.438439525	1061.08286087036
404.547899476	1133.0685899353
404.657340749	1150.53932922363
404.766763344	993.240057678223
404.876167261	612.494824371338
404.9855525	357.324627609253
405.094919061	217.660821762085
405.204266944	133.542937088013
405.313596149	78.3275624847412
405.422906676	36.7420614624023
405.532198525	25.5160491943359
405.641471696	19.4894757843018
405.750726189	17.8813175201416
405.859962004	16.6948355102539
405.969179141	16.694430847168
406.0783776	17.7129169464111
406.187557381	13.1979578399658
406.296718484	13.2599111175537
406.405860909	13.0390655517578
406.514984656	18.3707461547852
406.624089725	11.5918185424805
406.733176116	15.5710191345215
406.842243829	16.8216471862793
406.951292864	17.3940863037109
407.060323221	13.2537919616699
407.1693349	18.6247546386719
407.278327901	38.9032608795166
407.387302224	55.2962719726563
407.496257869	64.5732915496826
407.605194836	71.1691773986816
407.714113125	74.5008068847656
407.823012736	74.428286895752
407.931893669	63.6465917205811
408.040755924	47.401180267334
408.149599501	30.1623149108887
408.2584244	25.4698001861572
408.367230621	24.6265254211426
408.476018164	15.1636562347412
408.584787029	15.0852203369141
408.693537216	12.5230334472656
408.802268725	17.6566719818115
408.910981556	18.4705695343018
409.019675709	19.471019744873
409.128351184	13.3655487823486
409.237007981	11.2757675170898
409.3456461	12.384253616333
409.454265541	12.0713233947754
409.562866304	14.7811923217773
409.671448389	16.5723461914063
409.780011796	15.343190536499
409.888556525	17.0387277984619
409.997082576	15.3364191436768
410.105589949	14.7505187225342
410.214078644	14.4945070648193
410.322548661	12.448681640625
410.431	15.5169864654541
410.539432661	16.2767937469482
410.647846644	14.0571884918213
410.756241949	13.4546530151367
410.864618576	12.483989944458
410.972976525	16.3991024017334
411.081315796	15.7429122924805
411.189636389	21.64841796875
411.297938304	17.6380086517334
411.406221541	13.2359435272217
411.5144861	14.4603467559814
411.622731981	21.7004685211182
411.730959184	10.7414151000977
411.839167709	19.3268746185303
411.947357556	14.2691832733154
412.055528725	16.7519616699219
412.163681216	22.4883076477051
412.271815029	12.995902633667
412.379930164	14.4394355010986
412.488026621	18.8660296630859
412.5961044	14.4982701873779
412.704163501	16.695655670166
412.812203924	15.4343350982666
412.920225669	14.7794816589355
413.028228736	10.6526340484619
413.136213125	19.6517388916016
413.244178836	13.801393737793
413.352125869	16.7028927612305
413.460054224	19.7509540557861
413.567963901	16.7462177276611
413.6758549	17.9982360839844
413.783727221	14.4045526123047
413.891580864	15.6839304351807
413.999415829	14.0707721710205
414.107232116	12.915447769165
414.215029725	9.55375724792481
414.322808656	20.5379677581787
414.430568909	19.7485356903076
414.538310484	14.5239552307129
414.646033381	22.5871389007568
414.7537376	19.0488027954102
414.861423141	21.2165155029297
414.969090004	17.1455487823486
415.076738189	15.5093499755859
415.184367696	14.5147846984863
415.291978525	15.2670679473877
415.399570676	12.7472145080566
415.507144149	13.5652758026123
415.614698944	15.0068699645996
415.722235061	15.9935149383545
415.8297525	14.5985604858398
415.937251261	14.421196975708
416.044731344	18.1685552215576
416.152192749	16.353889541626
416.259635476	15.5200080871582
416.367059525	17.5553566741943
416.474464896	15.4221389007568
416.581851589	18.5925637054443
416.689219604	15.64283203125
416.796568941	13.725378036499
416.9038996	16.1788080596924
417.011211581	18.0841832733154
417.118504884	16.8603820800781
417.225779509	16.3097853088379
417.333035456	19.657417755127
417.440272725	15.4272445678711
417.547491316	15.7116732025146
417.654691229	17.5813996124268
417.761872464	10.6875082397461
417.869035021	16.0778921508789
417.9761789	16.3288034057617
418.083304101	19.7204790496826
418.190410624	17.955625
418.297498469	18.6221636962891
418.404567636	18.7513233947754
418.511618125	17.9124620819092
418.618649936	12.7441058349609
418.725663069	17.4872145080566
418.832657524	14.6983637237549
418.939633301	16.8179931640625
419.0465904	16.3172346496582
419.153528821	15.2534294128418
419.260448564	17.8072901153564
419.367349629	14.2193598937988
419.474232016	20.6303774261475
419.581095725	14.3855546569824
419.687940756	15.6571234130859
419.794767109	17.6262691497803
419.901574784	13.0269254302979
420.008363781	15.6537891387939
420.1151341	18.0986367034912
420.221885741	13.4794515991211
420.328618704	19.4657526397705
420.435332989	15.7584600830078
420.542028596	19.9392997741699
420.648705525	18.7589356994629
420.755363776	18.7554790496826
420.862003349	16.5403318786621
420.968624244	18.6400991821289
421.075226461	11.8439050292969
421.18181	12.2459748077393
421.288374861	19.3531610870361
421.394921044	17.4291786193848
421.501448549	10.7577167510986
421.607957376	15.289430847168
421.714447525	18.7642040252686
421.820918996	17.892781829834
421.927371789	14.2104016113281
422.033805904	13.1347499847412
422.140221341	19.2848320770264
422.2466181	12.8094828796387
422.352996181	18.4814457702637
422.459355584	19.7117949676514
422.565696309	16.2675949859619
422.672018356	16.783531036377
422.778321725	17.6385363006592
422.884606416	15.6501955413818
422.990872429	15.4421147155762
423.097119764	15.0079618835449
423.203348421	14.6577409362793
423.3095584	13.1479891204834
423.415749701	12.7440627288818
423.521922324	15.8729175567627
423.628076269	15.6503929138184
423.734211536	16.7798314666748
423.840328125	17.2757473754883
423.946426036	15.3136019897461
424.052505269	22.5130854797363
424.158565824	20.6575931549072
424.264607701	14.2784842681885
424.3706309	17.3941284179688
424.476635421	17.1469923400879
424.582621264	19.7749572753906
424.688588429	15.2095532226563
424.794536916	17.4444020080566
424.900466725	16.9618711853027
425.006377856	22.2885558319092
425.112270309	17.3426145172119
425.218144084	16.762989730835
425.323999181	20.7488796234131
425.4298356	12.6344268035889
425.535653341	15.4871897125244
425.641452404	16.5640320587158
425.747232789	18.7572411346436
425.852994496	12.5798816680908
425.958737525	17.8285604858398
426.064461876	17.7489611053467
426.170167549	13.2050802612305
426.275854544	7.31651672363281
426.381522861	22.2674626922607
426.4871725	19.9844723510742
426.592803461	16.0832118988037
426.698415744	21.5122151184082
426.804009349	17.9444007873535
426.909584276	15.5842495727539
427.015140525	15.5751453399658
427.120678096	17.6732379150391
427.226196989	15.3412229919434
427.331697204	11.7088594818115
427.437178741	16.0445123291016
427.5426416	11.8020886993408
427.648085781	21.1803987884521
427.753511284	17.5841885375977
427.858918109	19.5751760101318
427.964306256	23.4043505859375
428.069675725	14.9863447570801
428.175026516	17.8381864929199
428.280358629	14.4039102935791
428.385672064	20.6653981781006
428.490966821	15.796618347168
428.5962429	19.3526907348633
428.701500301	16.3725649261475
428.806739024	13.7203058624268
428.911959069	11.8452925109863
429.017160436	14.6714417266846
429.122343125	16.3828177642822
429.227507136	19.1521441650391
429.332652469	18.8590267944336
429.437779124	11.7784761810303
429.542887101	15.664183883667
429.6479764	15.5122092437744
429.753047021	15.1380808258057
429.858098964	11.0488247680664
429.963132229	14.6488554382324
430.068146816	15.2276151275635
430.173142725	15.7123675537109
430.278119956	12.1300588989258
430.383078509	12.4492241668701
430.488018384	19.0591631317139
430.592939581	14.8675643157959
430.6978421	17.5300548553467
430.802725941	11.7721348571777
430.907591104	15.7518110656738
431.012437589	16.6645538330078
431.117265396	9.60176773071289
431.222074525	7.41293365478516
431.326864976	12.4368665313721
431.431636749	12.3819368743896
431.536389844	15.1636125183105
431.641124261	21.40069190979
431.74584	14.7741284179688
431.850537061	17.4111981964111
431.955215444	20.6311126708984
432.059875149	19.8330346679688
432.164516176	18.4825141143799
432.269138525	16.6304443359375
432.373742196	10.4734854888916
432.478327189	20.8593251800537
432.582893504	19.2214665222168
432.687441141	15.8607514190674
432.7919701	15.7325088500977
432.896480381	17.673956451416
433.000971984	16.6404034423828
433.105444909	22.778303604126
433.209899156	20.7755252075195
433.314334725	20.4923622894287
433.418751616	20.5954248046875
433.523149829	20.0557225799561
433.627529364	26.7697961425781
433.731890221	25.6471088409424
433.8362324	31.3728685760498
433.940555901	21.3624137115479
434.044860724	24.6666437530518
434.149146869	29.610327835083
434.253414336	23.1273870849609
434.357663125	36.3169876861572
434.461893236	41.4268913269043
434.566104669	41.462585067749
434.670297424	42.7133838653564
434.774471501	45.7970471954346
434.8786269	48.7777310180664
434.982763621	48.6194729614258
435.086881664	49.0818405151367
435.190981029	101.730378036499
435.295061716	575.506714706421
435.399123725	1715.29337921143
435.503167056	2558.01639030457
435.607191709	3037.42097541809
435.711197684	3421.94057075501
435.815184981	3612.32042297363
435.9191536	3513.37330421448
436.023103541	2734.70054069519
436.127034804	1700.79769012451
436.230947389	1098.78686126709
436.334841296	704.457144775391
436.438716525	431.759771957397
436.542573076	255.681067123413
436.646410949	149.273060073853
436.750230144	76.5706671142578
436.854030661	47.4146808624268
436.9578125	29.6828314208984
437.061575661	23.4227108764648
437.165320144	23.4885818481445
437.269045949	22.4027923583984
437.372753076	28.2736627197266
437.476441525	20.2287141418457
437.580111296	21.3149532318115
437.683762389	19.9559044647217
437.787394804	18.5473126983643
437.891008541	12.806096572876
437.9946036	14.3485663604736
438.098179981	17.6910723876953
438.201737684	16.7820691680908
438.305276709	15.8016998291016
438.408797056	19.2703935241699
438.512298725	17.4121909332275
438.615781716	14.717742767334
438.719246029	18.8068872833252
438.822691664	15.3793558502197
438.926118621	15.8014463806152
439.0295269	15.0145485687256
439.132916501	16.6864872741699
439.236287424	13.7239251708984
439.339639669	18.870454864502
439.442973236	12.3579342651367
439.546288125	15.2727917480469
439.649584336	18.3715628814697
439.752861869	16.8136332702637
439.856120724	16.4000443267822
439.959360901	18.2975596618652
440.0625824	21.6645792388916
440.165785221	13.3379891204834
440.268969364	12.43779296875
440.372134829	18.6890627288818
440.475281616	16.3356665039063
440.578409725	21.4398828887939
440.681519156	17.5562744140625
440.784609909	20.354133682251
440.887681984	21.7651812744141
440.990735381	16.7749284362793
441.0937701	16.8198262023926
441.196786141	16.5433290100098
441.299783504	20.706618347168
441.402762189	15.4823923492432
441.505722196	19.5725949859619
441.608663525	14.7937596893311
441.711586176	17.2244776153564
441.814490149	19.7614618682861
441.917375444	16.4329550170898
442.020242061	20.5964163208008
442.12309	15.8136834716797
442.225919261	16.6775649261475
442.328729844	21.2241491699219
442.431521749	16.7567602539063
442.534294976	17.6567100524902
442.637049525	17.8099485778809
442.739785396	19.6698072814941
442.842502589	21.7422104644775
442.945201104	19.2783082580566
443.047880941	19.1932834625244
443.1505421	15.5714163208008
443.253184581	21.570131072998
443.355808384	15.6628106689453
443.458413509	18.4771193695068
443.560999956	16.7159199523926
443.663567725	22.5178385162354
443.766116816	18.9949231719971
443.868647229	20.3355406951904
443.971158964	17.3394020080566
444.073652021	15.3613506317139
444.1761264	18.9262236022949
444.278582101	21.681912689209
444.381019124	15.6776151275635
444.483437469	13.4884098815918
444.585837136	21.5637643432617
444.688218125	16.3023421478271
444.790580436	19.3070391082764
444.892924069	17.8059961700439
444.995249024	20.4305760192871
445.097555301	23.6282580566406
445.1998429	18.2940828704834
445.302111821	17.2702066802979
445.404362064	19.765641708374
445.506593629	17.2656262207031
445.608806516	14.8250449371338
445.711000725	16.6732379150391
445.813176256	14.4980151367188
445.915333109	17.2873322296143
446.017471284	19.816598815918
446.119590781	21.6676808166504
446.2216916	14.7364971923828
446.323773741	19.0607272338867
446.425837204	15.7338052368164
446.527881989	15.3963695526123
446.629908096	18.1366124725342
446.731915525	14.8272110748291
446.833904276	20.7732794189453
446.935874349	18.7753479766846
447.037825744	20.8294227600098
447.139758461	18.8778177642822
447.2416725	15.8643286132813
447.343567861	20.2528437805176
447.445444544	21.714655456543
447.547302549	11.5398469543457
447.649141876	19.1155004119873
447.750962525	15.4151558685303
447.852764496	21.1936521911621
447.954547789	19.9660723876953
448.056312404	18.7176866912842
448.158058341	21.3039830780029
448.2597856	15.8076919555664
448.361494181	16.6857433319092
448.463184084	19.6244332885742
448.564855309	14.674083480835
448.666507856	19.6772866821289
448.768141725	20.7761386871338
448.869756916	22.5345082855225
448.971353429	22.7091999816895
449.072931264	20.6370840454102
449.174490421	17.0210971832275
449.2760309	19.5732279968262
449.377552701	17.7954802703857
449.479055824	19.4350843048096
449.580540269	17.79214012146
449.682006036	18.3144227600098
449.783453125	20.3246601104736
449.884881536	20.7091999816895
449.986291269	19.7875094604492
450.087682324	19.7545538330078
450.189054701	20.6460925292969
450.2904084	18.3170945739746
450.391743421	19.3015628814697
450.493059764	18.5386131286621
450.594357429	19.3423876953125
450.695636416	20.8035062408447
450.796896725	15.3796601104736
450.898138356	22.8866195678711
450.999361309	14.7039570617676
451.100565584	17.3451304626465
451.201751181	19.7240528106689
451.3029181	18.0319427490234
451.404066341	17.8816691589355
451.505195904	21.7061734008789
451.606306789	17.3601056671143
451.707398996	16.4520846557617
451.808472525	15.9893766021729
451.909527376	21.8219380950928
452.010563549	12.7723167419434
452.111581044	15.4048475646973
452.212579861	20.7977824401855
452.31356	16.7830653381348
452.414521461	19.0034659576416
452.515464244	15.4411126708984
452.616388349	18.2603439331055
452.717293776	19.5843363189697
452.818180525	20.753628616333
452.919048596	16.2635102844238
453.019897989	18.2885369110107
453.120728704	14.7206677246094
453.221540741	17.7414163208008
453.3223341	18.3908288574219
453.423108781	25.6043772125244
453.523864784	15.4695733642578
453.624602109	18.586862487793
453.725320756	17.6646802520752
453.826020725	18.3731369018555
453.926702016	15.4735161590576
454.027364629	15.7575909423828
454.128008564	15.7693564605713
454.228633821	16.7841491699219
454.3292404	16.5178834533691
454.429828301	19.8658697509766
454.530397524	16.8158650970459
454.630948069	20.700799407959
454.731479936	18.6087850952148
454.831993125	19.6670143127441
454.932487636	16.5553030395508
455.032963469	16.62176612854
455.133420624	17.6968872833252
455.233859101	12.7531806182861
455.3342789	13.674478225708
455.434680021	15.8934761810303
455.535062464	20.4192855072021
455.635426229	16.7203693389893
455.735771316	16.8079147338867
455.836097725	15.7489617156982
455.936405456	19.2653485870361
456.036694509	16.4207030487061
456.136964884	17.3821147155762
456.237216581	19.865030670166
456.3374496	19.27493309021
456.437663941	18.4892359161377
456.537859604	14.6227310180664
456.638036589	16.5591999816895
456.738194896	13.5595993804932
456.838334525	21.5362756347656
456.938455476	18.5900756072998
457.038557749	16.3138294219971
457.138641344	18.2554294586182
457.238706261	17.7469219970703
457.3387525	15.4101459503174
457.438780061	15.7611935424805
457.538788944	17.9417134857178
457.638779149	17.8651465606689
457.738750676	17.6771354675293
457.838703525	18.7762886810303
457.938637696	18.9135663604736
458.038553189	15.735641708374
458.138450004	14.6086534118652
458.238328141	17.8064116668701
458.3381876	13.8880306243896
458.438028381	15.615818939209
458.537850484	16.4179850769043
458.637653909	11.8221459960938
458.737438656	13.9594763946533
458.837204725	16.2034761810303
458.936952116	16.6993316650391
459.036680829	17.8284052276611
459.136390864	19.4204697418213
459.236082221	13.4321147155762
459.3357549	12.6676203918457
459.435408901	17.3703427124023
459.535044224	16.4687042236328
459.634660869	16.7256977844238
459.734258836	19.8071100616455
459.833838125	18.6393812561035
459.933398736	20.4202423095703
460.032940669	20.8405264282227
460.132463924	18.5461988067627
460.231968501	21.8171961975098
460.3314544	20.7175199890137
460.430921621	24.4966645050049
460.530370164	15.1219876861572
460.629800029	12.5022364807129
460.729211216	17.4161225891113
460.828603725	10.861862487793
460.927977556	15.8374893188477
461.027332709	12.5864978027344
461.126669184	18.9921655273438
461.225986981	15.0485818481445
461.3252861	17.7479909515381
461.424566541	19.7364116668701
461.523828304	22.1330560302734
461.623071389	16.8768370819092
461.722295796	13.3196709442139
461.821501525	16.3018665313721
461.920688576	16.6156268310547
462.019856949	20.5798683166504
462.119006644	20.8019380950928
462.218137661	19.6437596893311
462.31725	14.3391590881348
462.416343661	17.3797772216797
462.515418644	14.4391798400879
462.614474949	13.4698782348633
462.713512576	18.2514723968506
462.812531525	18.6918618774414
462.911531796	17.3314872741699
463.010513389	17.813137512207
463.109476304	22.3202320861816
463.208420541	15.3457225799561
463.3073461	19.7953739929199
463.406252981	21.0728332519531
463.505141184	14.744605255127
463.604010709	14.2761988067627
463.702861556	21.1708396911621
463.801693725	20.1558242034912
463.900507216	20.3862242126465
463.999302029	14.6851465606689
464.098078164	17.4910729980469
464.196835621	14.8554489898682
464.2955744	19.967843170166
464.394294501	19.7770645141602
464.492995924	16.72823387146
464.591678669	21.4111994171143
464.690342736	14.5460169219971
464.788988125	18.7317106628418
464.887614836	16.7745751953125
464.986222869	24.6974592590332
465.084812224	16.8357894897461
465.183382901	18.5601719665527
465.2819349	19.8008195495605
465.380468221	15.907692565918
465.478982864	12.420849609375
465.577478829	18.3542554473877
465.675956116	15.1587383270264
465.774414725	17.9379354858398
465.872854656	18.8449699401855
465.971275909	14.821340713501
466.069678484	12.0379348754883
466.168062381	10.2529850769043
466.2664276	20.7774385070801
466.364774141	15.8585576629639
466.463102004	15.4003030395508
466.561411189	15.4470189666748
466.659701696	23.3832887268066
466.757973525	18.6506729888916
466.856226676	19.1770391082764
466.954461149	16.4908248138428
467.052676944	15.7609661102295
467.150874061	19.8200455474854
467.2490525	15.1389570617676
467.347212261	13.0522866821289
467.445353344	17.0305961608887
467.543475749	16.6223883056641
467.641579476	20.5061693572998
467.739664525	17.8403687286377
467.837730896	23.3987745666504
467.935778589	19.7062651062012
468.033807604	19.8332846832275
468.131817941	12.8976919555664
468.2298096	15.8873322296143
468.327782581	15.47825340271
468.425736884	17.7989109039307
468.523672509	19.7662697601318
468.621589456	15.7949491882324
468.719487725	16.7085771942139
468.817367316	15.0835068511963
468.915228229	15.7827381134033
469.013070464	15.1628887176514
469.110894021	16.8095491790771
469.2086989	14.6616645050049
469.306485101	17.4876919555664
469.404252624	16.8031322479248
469.502001469	21.7021602630615
469.599731636	15.898303604126
469.697443125	17.4770945739746
469.795135936	22.5715340423584
469.892810069	15.5736834716797
469.990465524	17.0558750152588
470.088102301	19.0691342926025
470.1857204	15.6920431518555
470.283319821	19.2457231903076
470.380900564	22.4060163116455
470.478462629	15.2524078369141
470.576006016	18.325899810791
470.673530725	14.3256671142578
470.771036756	16.7554802703857
470.868524109	16.5928084564209
470.965992784	22.5039056396484
471.063442781	21.9149082946777
471.1608741	18.5900300598145
471.258286741	16.3944072723389
471.355680704	19.7691544342041
471.453055989	19.3689979553223
471.550412596	19.4321199798584
471.647750525	19.6923883056641
471.745069776	22.6957786560059
471.842370349	19.1117608642578
471.939652244	20.4733094787598
472.036915461	18.4248481750488
472.13416	16.9313701629639
472.231385861	21.3796601104736
472.328593044	16.4054703521729
472.425781549	18.1529147338867
472.522951376	16.5973120880127
472.620102525	24.8154254150391
472.717234996	23.8518116760254
472.814348789	13.8256937408447
472.911443904	26.4152320861816
473.008520341	15.7384358978271
473.1055781	15.418284072876
473.202617181	19.348056640625
473.299637584	13.4136887359619
473.396639309	21.1742213439941
473.493622356	16.0133879089355
473.590586725	21.300454864502
473.687532416	20.8541590881348
473.784459429	18.9879850769043
473.881367764	16.7433094787598
473.978257421	19.5712899017334
474.0751284	121.908334503174
474.171980701	10.5084613037109
474.268814324	21.6938352966309
474.365629269	23.4809159088135
474.462425536	25.3767401123047
474.559203125	17.7437596893311
474.655962036	20.2388861083984
474.752702269	22.1128183746338
474.849423824	23.3140881347656
474.946126701	21.8402989959717
475.0428109	21.035394744873
475.139476421	19.6576625061035
475.236123264	20.3857532501221
475.332751429	21.0338052368164
475.429360916	26.3708951568604
475.525951725	18.946471786499
475.622523856	20.4711479949951
475.719077309	24.018415145874
475.815612084	28.4739570617676
475.912128181	20.1165167236328
476.0086256	22.0822966003418
476.105104341	17.520622177124
476.201564404	23.8306782531738
476.298005789	24.7586125183105
476.394428496	26.4552528381348
476.490832525	21.8274905395508
476.587217876	20.8505010223389
476.683584549	20.4344528198242
476.779932544	21.8049538421631
476.876261861	21.9572411346436
476.9725725	21.5583850860596
477.068864461	25.3642855072021
477.165137744	21.7033856964111
477.261392349	24.7226318359375
477.357628276	22.8109512329102
477.453845525	24.0128887176514
477.550044096	23.2620084381104
477.646223989	27.6102227783203
477.742385204	23.593137512207
477.838527741	29.1792105102539
477.9346516	27.9755949401855
478.030756781	24.3433348846436
478.126843284	24.7545343017578
478.222911109	22.3521447753906
478.318960256	24.8222671508789
478.414990725	28.1486338806152
478.511002516	28.2346294403076
478.606995629	25.7961486053467
478.702970064	23.7579042053223
478.798925821	25.6067199707031
478.8948629	24.1035877227783
478.990781301	26.5120344543457
479.086681024	28.3838513946533
479.182562069	25.4082332611084
479.278424436	31.3473120880127
479.374268125	21.9483042144775
479.470093136	28.6681576538086
479.565899469	29.8002528381348
479.661687124	28.8069480133057
479.757456101	30.7202066802979
479.8532064	29.4419728088379
479.948938021	27.8004756164551
480.044650964	23.2423628997803
480.140345229	27.8262000274658
480.236020816	28.416993560791
480.331677725	28.8047316741943
480.427315956	31.685591506958
480.522935509	25.8755406951904
480.618536384	31.8069179534912
480.714118581	27.3507231903076
480.8096821	34.6717153167725
480.905226941	33.2996796417236
481.000753104	28.3270183563232
481.096260589	28.9526665496826
481.191749396	30.8523830413818
481.287219525	28.7699538421631
481.382670976	29.5631322479248
481.478103749	32.4171961975098
481.573517844	28.52276512146
481.668913261	24.5745999908447
481.76429	30.4541544342041
481.859648061	35.0266130828857
481.954987444	37.0053237915039
482.050308149	32.8352782440186
482.145610176	28.82174659729
482.240893525	34.2649544525147
482.336158196	33.2540481567383
482.431404189	34.7805506134033
482.526631504	38.4741485595703
482.621840141	34.8267407226562
482.7170301	25.2803941345215
482.812201381	26.6924131011963
482.907353984	35.0600802612305
483.002487909	31.7501512145996
483.097603156	33.7595845031738
483.192699725	30.6098042297363
483.287777616	32.5627173614502
483.382836829	33.3352782440186
483.477877364	30.8097010040283
483.572899221	39.1642963409424
483.6679024	37.4205973815918
483.762886901	31.8189270019531
483.857852724	39.7693016052246
483.952799869	39.7657284545898
484.047728336	36.481163482666
484.142638125	34.5519687652588
484.237529236	33.8822104644775
484.332401669	37.8479401397705
484.427255424	35.762257232666
484.522090501	33.0575389099121
484.6169069	32.7996253967285
484.711704621	38.7959159088135
484.806483664	32.6720598602295
484.901244029	36.788578414917
484.995985716	32.6686078643799
485.090708725	31.7339524078369
485.185413056	39.7221459960938
485.280098709	34.4192346954346
485.374765684	37.818006439209
485.469413981	34.4072163391113
485.5640436	32.8023588562012
485.658654541	36.3877564239502
485.753246804	41.4641342926025
485.847820389	35.5274691772461
485.942375296	35.7423167419434
486.036911525	40.4631322479248
486.131429076	36.3257733917236
486.225927949	37.7839772033691
486.320408144	32.8010723876953
486.414869661	26.5776566314697
486.5093125	27.6197967529297
486.603736661	34.728284072876
486.698142144	35.7694528198242
486.792528949	33.0906451416016
486.886897076	31.4340627288818
486.981246525	28.5540788269043
487.075577296	31.5057433319092
487.169889389	37.8682391357422
487.264182804	30.7980052185059
487.358457541	35.1973929595947
487.4527136	27.4113788604736
487.546950981	40.04285987854
487.641169684	34.4765132904053
487.735369709	35.4500201416016
487.829551056	33.6108242034912
487.923713725	37.8930820465088
488.017857716	37.4287804412842
488.111983029	40.2454046630859
488.206089664	39.1193264007568
488.300177621	37.8069635009766
488.3942469	39.8182794189453
488.488297501	40.1550201416016
488.582329424	39.6528125
488.676342669	44.4678338623047
488.770337236	43.7939322662354
488.864313125	41.7605973815918
488.958270336	40.8247772216797
489.052208869	37.7525401306152
489.146128724	41.45787940979
489.240029901	40.7667713928223
489.3339124	39.713451385498
489.427776221	39.1714169311523
489.521621364	36.4368463897705
489.615447829	40.5607439422607
489.709255616	41.8126820373535
489.803044725	37.8501713562012
489.896815156	44.3589877319336
489.990566909	42.4020443725586
490.084299984	44.300100402832
490.178014381	44.7357646942139
490.2717101	48.7960227966309
490.365387141	45.5148683166504
490.459045504	50.4688005828857
490.552685189	42.7975100708008
490.646306196	44.4970951843262
490.739908525	44.5239576721191
490.833492176	40.7282032012939
490.927057149	45.4969396972656
491.020603444	42.0726612854004
491.114131061	46.8927074432373
491.20764	46.612712097168
491.301130261	44.635541305542
491.394601844	41.9837129211426
491.488054749	43.7326110839844
491.581488976	41.465394744873
491.674904525	45.1039263916016
491.768301396	57.4665734100342
491.861679589	62.7278137207031
491.955039104	69.6385121154785
492.048379941	66.0336026000977
492.1417021	71.7332586669922
492.235005581	77.2834358978271
492.328290384	74.0729550170898
492.421556509	72.2272872924805
492.514803956	61.7760977935791
492.608032725	54.7851264190674
492.701242816	49.7868215942383
492.794434229	48.4456971740723
492.887606964	47.4240026092529
492.980761021	47.2312242126465
493.0738964	44.7558443450928
493.167013101	49.7564723968506
493.260111124	41.2191290283203
493.353190469	46.8228143310547
493.446251136	45.5708195495605
493.539293125	47.7325909423828
493.632316436	46.2974726104736
493.725321069	43.5563004302979
493.818307024	50.8349243927002
493.911274301	44.4471100616455
494.0042229	46.5591999816895
494.097152821	46.4674137115478
494.190064064	42.4529850769043
494.282956629	41.7970137023926
494.375830516	50.8260122680664
494.468685725	44.6298528289795
494.561522256	44.3770691680908
494.654340109	45.4292253875732
494.747139284	46.3974586486816
494.839919781	45.6313915252686
494.9326816	43.7672624969482
495.025424741	48.6416598510742
495.118149204	46.5130919647217
495.210854989	42.8841999816895
495.303542096	44.8272116851807
495.396210525	48.469822769165
495.488860276	44.276862487793
495.581491349	47.6765687561035
495.674103744	42.3746963500977
495.766697461	44.7837243652344
495.8592725	43.5407740020752
495.951828861	44.7755667114258
496.044366544	43.5704496002197
496.136885549	44.8210122680664
496.229385876	44.2544332885742
496.321867525	45.5738259887695
496.414330496	44.8685883331299
496.506774789	46.8617413330078
496.599200404	43.5832279968262
496.691607341	42.0251010131836
496.7839956	45.4384111022949
496.876365181	46.7360723876953
496.968716084	47.4923582458496
497.061048309	47.1030606842041
497.153361856	49.8740332794189
497.245656725	43.8415185546875
497.337932916	32.5540989685059
497.430190429	44.7839877319336
497.522429264	41.6841792297363
497.614649421	44.7865126800537
497.7068509	44.7647465515137
497.799033701	44.7785883331299
497.891197824	46.8163159179688
497.983343269	42.4537550354004
498.075470036	45.7634358978272
498.167578125	43.3717407226562
498.259667536	41.3458142852783
498.351738269	44.963729019165
498.443790324	47.74434715271
498.535823701	41.5677173614502
498.6278384	40.7351518249512
498.719834421	48.2016397094727
498.811811764	41.4452983856201
498.903770429	39.7415232086182
498.995710416	39.8113862609863
499.087631725	40.4140735626221
499.179534356	40.8094227600098
499.271418309	44.7738873291016
499.363283584	41.4014925384521
499.455130181	41.8421850585937
499.5469581	42.6594026184082
499.638767341	40.1889877319336
499.730557904	45.1348776245117
499.822329789	44.7833094787598
499.914082996	38.6884265899658
500.005817525	38.8070189666748
500.097533376	41.7763760375977
500.189230549	42.478709487915
500.280909044	39.4169474029541
500.372568861	42.7852175140381
500.46421	39.419026184082
500.555832461	41.6954260253906
500.647436244	45.8583643341064
500.739021349	43.8342761993408
500.830587776	35.57279296875
500.922135525	38.701077041626
501.013664596	41.9340026092529
501.105174989	39.4839824676514
501.196666704	36.0146802520752
501.288139741	39.4120899200439
501.3795941	41.8413667297363
501.471029781	45.1768618774414
501.562446784	35.3674691772461
501.653845109	39.5936280059814
501.745224756	37.6309967803955
501.836585725	36.8030110931396
501.927928016	36.7993068695068
502.019251629	37.8249479675293
502.110556564	43.4445845031738
502.201842821	36.7729348754883
502.2931104	39.8278592681885
502.384359301	38.6603687286377
502.475589524	38.3539570617676
502.566801069	40.8195243835449
502.657993936	43.8366143035889
502.749168125	34.5010221862793
502.840323636	39.1263246154785
502.931460469	43.7710671234131
503.022578624	37.5070338439941
503.113678101	39.4326058197021
503.2047589	38.7560122680664
503.295821021	38.4610411071777
503.386864464	35.3193109130859
503.477889229	43.801143951416
503.568895316	35.4606782531738
503.659882725	38.4531369018555
503.750851456	38.3243865203857
503.841801509	37.3027570343018
503.932732884	38.6432332611084
504.023645581	40.8497524261475
504.1145396	43.9643865203857
504.205414941	39.2284104919434
504.296271604	39.7178391265869
504.387109589	38.981962890625
504.477928896	34.3633856964111
504.568729525	35.6247465515137
504.659511476	30.9381161499023
504.750274749	36.3972364807129
504.841019344	37.7925701904297
504.931745261	43.071194152832
505.0224525	33.5559661102295
505.113141061	35.734919128418
505.203810944	31.6169427490234
505.294462149	37.76212059021
505.385094676	36.8438507843018
505.475708525	33.1948221588135
505.566303696	40.3345243835449
505.656880189	31.849856262207
505.747438004	37.4231021881103
505.837977141	30.6699993896484
505.9284976	30.1824385070801
506.018999381	38.5186379241943
506.109482484	36.3350080871582
506.199946909	37.6977629089355
506.290392656	34.4829903411865
506.380819725	40.4327582550049
506.471228116	37.7948481750488
506.561617829	37.9249687194824
506.651988864	43.3726364898682
506.742341221	35.42606590271
506.8326749	35.9681328582764
506.922989901	38.444377822876
507.013286224	39.1862892913818
507.103563869	31.426962890625
507.193822836	38.5607485961914
507.284063125	39.8041798400879
507.374284736	37.8367360687256
507.464487669	38.5117106628418
507.554671924	38.8348326873779
507.644837501	36.8959400939941
507.7349844	47.7038647460938
507.825112621	54.5409766387939
507.915222164	139.76037399292
508.005313029	221.517930221558
508.095385216	256.042560882568
508.185438725	288.572095184326
508.275473556	306.398415756226
508.365489709	318.452964935303
508.455487184	332.233501586914
508.545465981	309.771745376587
508.6354261	229.727611694336
508.725367541	172.795520553589
508.815290304	138.117342147827
508.905194389	111.357686691284
508.995079796	99.5134808349609
509.084946525	83.8912384796143
509.174794576	81.7947719573975
509.264623949	67.7695343017578
509.354434644	69.0004802703857
509.444226661	54.6760878753662
509.534	48.3599439239502
509.623754661	53.0638105010986
509.713490644	48.3448326873779
509.803207949	41.579026184082
509.892906576	44.3060163116455
509.982586525	39.5941751861572
510.072247796	43.9342247772217
510.161890389	37.4800247955322
510.251514304	39.054705657959
510.341119541	39.4670945739746
510.4307061	32.675749206543
510.520273981	30.7643316650391
510.609823184	30.3893719482422
510.699353709	36.7629810333252
510.788865556	27.8598556518555
510.878358725	34.9366858673096
510.967833216	30.805591506958
511.057289029	32.9938613128662
511.146726164	37.817257232666
511.236144621	33.7161238098145
511.3255444	38.8312142944336
511.414925501	34.4779153442383
511.504287924	29.8561994171143
511.593631669	33.5219179534912
511.682956736	30.2359152984619
511.772263125	27.4983364868164
511.861550836	29.9678592681885
511.950819869	29.837742767334
512.040070224	29.4314659118652
512.129301901	29.3641804504395
512.2185149	31.8259512329102
512.307709221	33.4307439422607
512.396884864	31.6352221679687
512.486041829	27.7369474029541
512.575180116	26.3306020355225
512.664299725	30.5081635284424
512.753400656	26.7024639129639
512.842482909	33.7716189575195
512.931546484	30.2623836517334
513.020591381	32.5098776245117
513.1096176	23.6963967895508
513.198625141	33.6741290283203
513.287614004	23.4932586669922
513.376584189	30.4090534210205
513.465535696	27.9398320770264
513.554468525	25.4935877227783
513.643382676	27.8275556182861
513.732278149	33.8289270019531
