Amplitude ( ADC Kanal) -  (Histogram)	Counts -  (Histogram)
0	0
1	0
2	0
3	3
4	14
5	29
6	37
7	43
8	44
9	36
10	27
11	25
12	24
13	29
14	34
15	33
16	31
17	30
18	29
19	30
20	38
21	56
22	84
23	111
24	141
25	177
26	212
27	236
28	240
29	223
30	193
31	149
32	106
33	86
34	81
35	85
36	94
37	103
38	109
39	127
40	141
41	155
42	171
43	194
44	221
45	254
46	307
47	377
48	464
49	572
50	710
51	871
52	1064
53	1302
54	1582
55	1879
56	2225
57	2573
58	2904
59	3254
60	3593
61	3889
62	4195
63	4483
64	4680
65	4837
66	4893
67	4886
68	4777
69	4615
70	4416
71	4210
72	3962
73	3681
74	3380
75	3046
76	2688
77	2356
78	2070
79	1816
80	1592
81	1401
82	1205
83	1028
84	872
85	739
86	633
87	546
88	470
89	416
90	362
91	322
92	294
93	276
94	250
95	241
96	235
97	226
98	226
99	228
100	231
101	236
102	240
103	243
104	247
105	255
106	265
107	267
108	272
109	278
110	282
111	286
112	297
113	303
114	307
115	305
116	306
117	304
118	294
119	288
120	284
121	280
122	276
123	285
124	285
125	289
126	288
127	295
128	291
129	298
130	302
131	303
132	304
133	313
134	314
135	323
136	327
137	337
138	346
139	359
140	363
141	377
142	383
143	400
144	420
145	436
146	463
147	491
148	510
149	536
150	576
151	615
152	670
153	724
154	773
155	829
156	877
157	923
158	973
159	1031
160	1075
161	1128
162	1173
163	1230
164	1283
165	1328
166	1364
167	1404
168	1434
169	1445
170	1454
171	1463
172	1446
173	1416
174	1381
175	1372
176	1323
177	1276
178	1229
179	1187
180	1100
181	1047
182	976
183	914
184	830
185	765
186	689
187	637
188	574
189	514
190	453
191	402
192	351
193	301
194	273
195	249
196	223
197	206
198	189
199	173
200	161
201	151
202	136
203	130
204	125
205	117
206	113
207	111
208	110
209	104
210	100
211	100
212	99
213	95
214	94
215	95
216	92
217	94
218	97
219	100
220	104
221	110
222	109
223	111
224	108
225	107
226	108
227	112
228	111
229	117
230	119
231	119
232	122
233	124
234	127
235	127
236	125
237	127
238	129
239	129
240	131
241	132
242	131
243	127
244	126
245	123
246	121
247	118
248	116
249	114
250	115
251	112
252	111
253	108
254	103
255	104
256	103
257	99
258	100
259	103
260	102
261	100
262	103
263	104
264	102
265	100
266	100
267	100
268	100
269	101
270	100
271	101
272	101
273	104
274	103
275	106
276	111
277	111
278	108
279	109
280	109
281	106
282	107
283	109
284	109
285	110
286	112
287	112
288	113
289	115
290	116
291	118
292	118
293	117
294	122
295	127
296	130
297	131
298	135
299	136
300	133
301	134
302	137
303	140
304	134
305	136
306	139
307	140
308	139
309	146
310	149
311	147
312	150
313	153
314	152
315	148
316	147
317	149
318	145
319	145
320	146
321	147
322	142
323	139
324	138
325	140
326	143
327	146
328	154
329	157
330	161
331	161
332	162
333	158
334	154
335	151
336	145
337	142
338	145
339	145
340	142
341	144
342	145
343	142
344	146
345	150
346	144
347	145
348	145
349	141
350	139
351	141
352	137
353	135
354	134
355	128
356	128
357	127
358	127
359	128
360	134
361	138
362	138
363	132
364	133
365	131
366	124
367	124
368	130
369	127
370	126
371	130
372	130
373	129
374	127
375	124
376	128
377	123
378	125
379	126
380	127
381	117
382	118
383	110
384	106
385	103
386	105
387	107
388	112
389	115
390	117
391	116
392	113
393	111
394	107
395	108
396	109
397	105
398	103
399	105
400	103
401	103
402	105
403	104
404	104
405	99
406	99
407	101
408	100
409	98
410	100
411	98
412	90
413	93
414	88
415	88
416	84
417	87
418	82
419	81
420	78
421	78
422	79
423	80
424	82
425	85
426	85
427	87
428	88
429	86
430	84
431	84
432	82
433	84
434	85
435	84
436	87
437	84
438	85
439	88
440	90
441	84
442	84
443	77
444	75
445	71
446	72
447	70
448	69
449	64
450	62
451	63
452	64
453	65
454	66
455	65
456	63
457	61
458	57
459	58
460	59
461	62
462	61
463	62
464	60
465	57
466	55
467	56
468	57
469	58
470	62
471	63
472	61
473	58
474	59
475	54
476	54
477	52
478	57
479	57
480	58
481	56
482	59
483	57
484	59
485	61
486	61
487	61
488	60
489	60
490	62
491	66
492	66
493	68
494	66
495	65
496	65
497	66
498	64
499	65
500	65
501	67
502	67
503	74
504	73
505	71
506	71
507	71
508	72
509	76
510	83
511	85
512	88
513	89
514	93
515	95
516	93
517	94
518	94
519	95
520	99
521	108
522	111
523	112
524	112
525	112
526	113
527	115
528	115
529	117
530	114
531	111
532	117
533	122
534	129
535	129
536	132
537	127
538	131
539	125
540	132
541	133
542	143
543	140
544	145
545	146
546	151
547	147
548	153
549	154
550	158
551	159
552	163
553	161
554	159
555	158
556	168
557	169
558	175
559	185
560	192
561	182
562	187
563	192
564	189
565	188
566	188
567	191
568	189
569	195
570	196
571	210
572	210
573	213
574	211
575	209
576	204
577	208
578	210
579	212
580	215
581	218
582	214
583	210
584	207
585	202
586	201
587	194
588	191
589	196
590	207
591	206
592	212
593	222
594	220
595	218
596	215
597	217
598	206
599	206
600	203
601	207
602	200
603	199
604	197
605	194
606	184
607	187
608	183
609	181
610	176
611	174
612	171
613	171
614	164
615	166
616	165
617	166
618	167
619	167
620	165
621	166
622	162
623	162
624	162
625	158
626	160
627	157
628	159
629	161
630	163
631	163
632	170
633	169
634	170
635	176
636	179
637	179
638	181
639	185
640	191
641	195
642	201
643	208
644	212
645	213
646	218
647	227
648	230
649	238
650	257
651	266
652	265
653	265
654	272
655	267
656	266
657	280
658	300
659	303
660	311
661	325
662	329
663	330
664	337
665	347
666	344
667	356
668	361
669	375
670	384
671	401
672	403
673	416
674	408
675	414
676	416
677	426
678	429
679	439
680	435
681	435
682	435
683	431
684	439
685	439
686	438
687	442
688	455
689	457
690	466
691	476
692	475
693	472
694	469
695	475
696	469
697	466
698	458
699	459
700	446
701	450
702	442
703	444
704	441
705	450
706	436
707	441
708	432
709	416
710	398
711	397
712	389
713	377
714	379
715	369
716	360
717	356
718	347
719	340
720	335
721	333
722	323
723	321
724	314
725	314
726	310
727	303
728	293
729	285
730	273
731	263
732	261
733	260
734	256
735	253
736	250
737	242
738	239
739	234
740	228
741	223
742	211
743	205
744	198
745	193
746	191
747	192
748	192
749	191
750	187
751	177
752	166
753	153
754	151
755	144
756	145
757	144
758	143
759	136
760	129
761	120
762	114
763	115
764	111
765	111
766	106
767	105
768	101
769	101
770	102
771	99
772	100
773	100
774	93
775	88
776	89
777	84
778	79
779	78
780	82
781	85
782	84
783	82
784	82
785	75
786	70
787	70
788	66
789	65
790	64
791	63
792	59
793	58
794	54
795	51
796	50
797	50
798	48
799	47
800	45
801	42
802	43
803	42
804	43
805	45
806	42
807	39
808	39
809	40
810	37
811	39
812	38
813	39
814	36
815	36
816	35
817	35
818	32
819	33
820	32
821	30
822	30
823	30
824	28
825	27
826	26
827	25
828	26
829	27
830	27
831	28
832	29
833	27
834	27
835	26
836	25
837	22
838	22
839	20
840	20
841	19
842	20
843	21
844	21
845	20
846	22
847	21
848	21
849	20
850	20
851	21
852	21
853	19
854	19
855	20
856	16
857	16
858	18
859	18
860	19
861	20
862	18
863	16
864	14
865	13
866	12
867	13
868	12
869	13
870	13
871	13
872	13
873	14
874	15
875	15
876	16
877	17
878	15
879	15
880	14
881	14
882	14
883	14
884	14
885	12
886	12
887	11
888	12
889	10
890	10
891	9
892	10
893	9
894	9
895	10
896	10
897	10
898	10
899	10
900	10
901	9
902	7
903	7
904	6
905	5
906	6
907	6
908	6
909	6
910	5
911	4
912	4
913	4
914	4
915	4
916	4
917	5
918	6
919	6
920	6
921	6
922	6
923	6
924	6
925	5
926	5
927	5
928	4
929	4
930	3
931	2
932	2
933	3
934	3
935	3
936	4
937	4
938	3
939	3
940	3
941	2
942	2
943	2
944	2
945	2
946	2
947	2
948	2
949	2
950	2
951	2
952	2
953	2
954	2
955	2
956	3
957	3
958	3
959	3
960	3
961	3
962	3
963	2
964	2
965	2
966	1
967	1
968	1
969	1
970	1
971	1
972	1
973	1
974	1
975	1
976	1
977	1
978	1
979	1
980	1
981	1
982	1
983	2
984	2
985	2
986	2
987	1
988	2
989	1
990	1
991	1
992	1
993	1
994	1
995	1
996	1
997	1
998	1
999	1
1000	1
1001	1
1002	0
1003	0
1004	0
1005	0
1006	0
1007	1
1008	1
1009	1
1010	1
1011	1
1012	1
1013	1
1014	1
1015	1
1016	1
1017	1
1018	1
1019	1
1020	2
1021	1
1022	1
1023	1
1024	0
1025	1
1026	1
1027	1
1028	1
1029	1
1030	1
1031	1
1032	1
1033	1
1034	0
1035	0
1036	0
1037	0
1038	1
1039	1
1040	1
1041	0
1042	1
1043	0
1044	1
1045	1
1046	1
1047	1
1048	1
1049	0
1050	0
1051	1
1052	1
1053	1
1054	1
1055	1
1056	1
1057	1
1058	1
1059	1
1060	1
1061	1
1062	1
1063	1
1064	1
1065	1
1066	2
1067	1
1068	1
1069	1
1070	1
1071	0
1072	0
1073	0
1074	0
1075	0
1076	0
1077	1
1078	1
1079	1
1080	1
1081	1
1082	1
1083	1
1084	1
1085	0
1086	0
1087	1
1088	0
1089	0
1090	0
1091	1
1092	1
1093	1
1094	1
1095	1
1096	1
1097	1
1098	1
1099	1
1100	1
1101	1
1102	1
1103	1
1104	0
1105	0
1106	0
1107	0
1108	0
1109	0
1110	0
1111	0
1112	0
1113	0
1114	0
1115	1
1116	1
1117	1
1118	1
1119	1
1120	1
1121	1
1122	1
1123	1
1124	1
1125	1
1126	1
1127	0
1128	0
1129	0
1130	0
1131	0
1132	0
1133	0
1134	0
1135	1
1136	0
1137	0
1138	0
1139	0
1140	0
1141	0
1142	0
1143	0
1144	0
1145	0
1146	0
1147	0
1148	0
1149	0
1150	0
1151	0
1152	0
1153	0
1154	0
1155	0
1156	0
1157	1
1158	1
1159	1
1160	1
1161	1
1162	1
1163	1
1164	1
1165	1
1166	1
1167	0
1168	0
1169	0
1170	1
1171	1
1172	1
1173	1
1174	1
1175	0
1176	0
1177	0
1178	0
1179	0
1180	0
1181	0
1182	0
1183	0
1184	0
1185	0
1186	0
1187	0
1188	0
1189	0
1190	1
1191	1
1192	1
1193	1
1194	1
1195	0
1196	1
1197	1
1198	1
1199	1
1200	1
1201	1
1202	1
1203	1
1204	1
1205	1
1206	0
1207	0
1208	0
1209	1
1210	1
1211	1
1212	1
1213	1
1214	1
1215	0
1216	0
1217	1
1218	1
1219	0
1220	0
1221	0
1222	1
1223	1
1224	1
1225	1
1226	1
1227	1
1228	1
1229	1
1230	1
1231	1
1232	1
1233	1
1234	0
1235	0
1236	0
1237	0
1238	0
1239	0
1240	0
1241	0
1242	1
1243	1
1244	0
1245	1
1246	1
1247	0
1248	0
1249	1
1250	0
1251	0
1252	1
1253	1
1254	0
1255	1
1256	1
1257	1
1258	0
1259	1
1260	0
1261	0
1262	1
1263	1
1264	0
1265	0
1266	0
1267	0
1268	0
1269	1
1270	1
1271	0
1272	0
1273	0
1274	0
1275	0
1276	0
1277	0
1278	0
1279	0
1280	0
1281	0
1282	0
1283	0
1284	0
1285	0
1286	0
1287	1
1288	1
1289	1
1290	0
1291	1
1292	1
1293	1
1294	1
1295	1
1296	0
1297	0
1298	0
1299	0
1300	0
1301	0
1302	0
1303	1
1304	1
1305	1
1306	1
1307	1
1308	1
1309	0
1310	1
1311	1
1312	1
1313	0
1314	0
1315	0
1316	0
1317	0
1318	0
1319	0
1320	0
1321	0
1322	0
1323	0
1324	0
1325	0
1326	0
1327	0
1328	1
1329	1
1330	1
1331	0
1332	0
1333	0
1334	0
1335	0
1336	0
1337	0
1338	1
1339	1
1340	1
1341	1
1342	1
1343	1
1344	1
1345	1
1346	0
1347	0
1348	1
1349	0
1350	0
1351	1
1352	0
1353	0
1354	0
1355	0
1356	0
1357	0
1358	1
1359	1
1360	0
1361	0
1362	0
1363	0
1364	0
1365	0
1366	0
1367	0
1368	0
1369	0
1370	0
1371	0
1372	0
1373	0
1374	0
1375	0
1376	0
1377	0
1378	0
1379	0
1380	0
1381	0
1382	0
1383	1
1384	0
1385	0
1386	0
1387	0
1388	0
1389	0
1390	0
1391	1
1392	0
1393	0
1394	0
1395	0
1396	0
1397	0
1398	0
1399	0
1400	0
1401	0
1402	0
1403	0
1404	0
1405	0
1406	0
1407	0
1408	0
1409	0
1410	0
1411	0
1412	0
1413	0
1414	0
1415	0
1416	0
1417	0
1418	0
1419	0
1420	0
1421	0
1422	0
1423	0
1424	0
1425	0
1426	0
1427	0
1428	0
1429	0
1430	0
1431	0
1432	0
1433	0
1434	0
1435	0
1436	0
1437	0
1438	0
1439	0
1440	0
1441	0
1442	0
1443	0
1444	0
1445	0
1446	0
1447	0
1448	0
1449	0
1450	0
1451	0
1452	0
1453	0
1454	0
1455	0
1456	0
1457	0
1458	0
1459	0
1460	0
1461	0
1462	0
1463	0
1464	0
1465	0
1466	0
1467	0
1468	0
1469	0
1470	0
1471	0
1472	0
1473	0
1474	0
1475	0
1476	0
1477	0
1478	0
1479	0
1480	0
1481	0
1482	0
1483	0
1484	0
1485	0
1486	0
1487	0
1488	0
1489	0
1490	0
1491	0
1492	0
1493	0
1494	0
1495	0
1496	0
1497	0
1498	0
1499	0
1500	0
1501	0
1502	0
1503	0
1504	0
1505	0
1506	0
1507	0
1508	0
1509	0
1510	0
1511	0
1512	0
1513	0
1514	0
1515	0
1516	0
1517	0
1518	0
1519	0
1520	0
1521	0
1522	0
1523	0
1524	0
1525	0
1526	0
1527	0
1528	0
1529	0
1530	0
1531	0
1532	0
1533	0
1534	0
1535	0
1536	0
1537	0
1538	0
1539	0
1540	0
1541	0
1542	0
1543	0
1544	0
1545	0
1546	0
1547	0
1548	0
1549	0
1550	0
1551	0
1552	0
1553	0
1554	0
1555	0
1556	0
1557	0
1558	0
1559	0
1560	0
1561	0
1562	0
1563	0
1564	0
1565	0
1566	0
1567	0
1568	0
1569	0
1570	0
1571	0
1572	0
1573	0
1574	0
1575	0
1576	0
1577	0
1578	0
1579	0
1580	0
1581	0
1582	0
1583	0
1584	0
1585	0
1586	0
1587	0
1588	0
1589	0
1590	0
1591	0
1592	0
1593	0
1594	0
1595	0
1596	0
1597	0
1598	0
1599	0
1600	0
1601	0
1602	0
1603	0
1604	0
1605	0
1606	0
1607	0
1608	0
1609	0
1610	0
1611	0
1612	0
1613	0
1614	0
1615	0
1616	0
1617	0
1618	0
1619	0
1620	0
1621	0
1622	0
1623	0
1624	0
1625	0
1626	0
1627	0
1628	0
1629	0
1630	0
1631	0
1632	0
1633	0
1634	0
1635	0
1636	0
1637	0
1638	0
1639	0
1640	0
1641	0
1642	0
1643	0
1644	0
1645	0
1646	0
1647	0
1648	0
1649	0
1650	0
1651	0
1652	0
1653	0
1654	0
1655	0
1656	0
1657	0
1658	0
1659	0
1660	0
1661	0
1662	0
1663	0
1664	0
1665	0
1666	0
1667	0
1668	0
1669	0
1670	0
1671	0
1672	0
1673	0
1674	0
1675	0
1676	0
1677	0
1678	0
1679	0
1680	0
1681	0
1682	0
1683	0
1684	0
1685	0
1686	0
1687	0
1688	0
1689	0
1690	0
1691	0
1692	0
1693	0
1694	0
1695	0
1696	0
1697	0
1698	0
1699	0
1700	0
1701	0
1702	0
1703	0
1704	0
1705	0
1706	0
1707	0
1708	0
1709	0
1710	0
1711	0
1712	0
1713	0
1714	0
1715	0
1716	0
1717	0
1718	0
1719	0
1720	0
1721	0
1722	0
1723	0
1724	0
1725	0
1726	0
1727	0
1728	0
1729	0
1730	0
1731	0
1732	0
1733	0
1734	0
1735	0
1736	0
1737	0
1738	0
1739	0
1740	0
1741	0
1742	0
1743	0
1744	0
1745	0
1746	0
1747	0
1748	0
1749	0
1750	0
1751	0
1752	0
1753	0
1754	0
1755	0
1756	0
1757	0
1758	0
1759	0
1760	0
1761	0
1762	0
1763	0
1764	0
1765	0
1766	0
1767	0
1768	0
1769	0
1770	0
1771	0
1772	0
1773	0
1774	0
1775	0
1776	0
1777	0
1778	0
1779	0
1780	0
1781	0
1782	0
1783	0
1784	0
1785	0
1786	0
1787	0
1788	0
1789	0
1790	0
1791	0
1792	0
1793	0
1794	0
1795	0
1796	0
1797	0
1798	0
1799	0
1800	0
1801	0
1802	0
1803	0
1804	0
1805	0
1806	0
1807	0
1808	0
1809	0
1810	0
1811	0
1812	0
1813	0
1814	0
1815	0
1816	0
1817	0
1818	0
1819	0
1820	0
1821	0
1822	0
1823	0
1824	0
1825	0
1826	0
1827	0
1828	0
1829	0
1830	0
1831	0
1832	0
1833	0
1834	0
1835	0
1836	0
1837	0
1838	0
1839	0
1840	0
1841	0
1842	0
1843	0
1844	0
1845	0
1846	0
1847	0
1848	0
1849	0
1850	0
1851	0
1852	0
1853	0
1854	0
1855	0
1856	0
1857	0
1858	0
1859	0
1860	0
1861	0
1862	0
1863	0
1864	0
1865	0
1866	0
1867	0
1868	0
1869	0
1870	0
1871	0
1872	0
1873	0
1874	0
1875	0
1876	0
1877	0
1878	0
1879	0
1880	0
1881	0
1882	0
1883	0
1884	0
1885	0
1886	0
1887	0
1888	0
1889	0
1890	0
1891	0
1892	0
1893	0
1894	0
1895	0
1896	0
1897	0
1898	0
1899	0
1900	0
1901	0
1902	0
1903	0
1904	0
1905	0
1906	0
1907	0
1908	0
1909	0
1910	0
1911	0
1912	0
1913	0
1914	0
1915	0
1916	0
1917	0
1918	0
1919	0
1920	0
1921	0
1922	0
1923	0
1924	0
1925	0
1926	0
1927	0
1928	0
1929	0
1930	0
1931	0
1932	0
1933	0
1934	0
1935	0
1936	0
1937	0
1938	0
1939	0
1940	0
1941	0
1942	0
1943	0
1944	0
1945	0
1946	0
1947	0
1948	0
1949	0
1950	0
1951	0
1952	0
1953	0
1954	0
1955	0
1956	0
1957	0
1958	0
1959	0
1960	0
1961	0
1962	0
1963	0
1964	0
1965	0
1966	0
1967	0
1968	0
1969	0
1970	0
1971	0
1972	0
1973	0
1974	0
1975	0
1976	0
1977	0
1978	0
1979	0
1980	0
1981	0
1982	0
1983	0
1984	0
1985	0
1986	0
1987	0
1988	0
1989	0
1990	0
1991	0
1992	0
1993	0
1994	0
1995	0
1996	0
1997	0
1998	0
1999	0
2000	0
2001	0
2002	0
2003	0
2004	0
2005	0
2006	0
2007	0
2008	0
2009	0
2010	0
2011	0
2012	0
2013	0
2014	0
2015	0
2016	0
2017	0
2018	0
2019	0
2020	0
2021	0
2022	0
2023	0
2024	0
2025	0
2026	0
2027	0
2028	0
2029	0
2030	0
2031	0
2032	0
2033	0
2034	0
2035	0
2036	0
2037	0
2038	0
2039	0
2040	0
2041	0
2042	0
2043	0
2044	0
2045	0
2046	0
2047	2
