Amplitude ( ADC Kanal) -  (Histogram)	Counts -  (Histogram)
0	0
1	0
2	0
3	0
4	0
5	0
6	0
7	0
8	0
9	0
10	0
11	0
12	0
13	0
14	0
15	0
16	0
17	0
18	0
19	0
20	0
21	0
22	0
23	0
24	0
25	0
26	0
27	0
28	0
29	0
30	0
31	0
32	0
33	0
34	0
35	0
36	0
37	0
38	0
39	1
40	1
41	1
42	1
43	1
44	2
45	2
46	1
47	1
48	2
49	2
50	2
51	2
52	2
53	2
54	1
55	1
56	1
57	1
58	2
59	2
60	1
61	1
62	3
63	4
64	6
65	8
66	9
67	9
68	10
69	11
70	11
71	13
72	13
73	14
74	13
75	14
76	14
77	14
78	13
79	12
80	12
81	10
82	10
83	9
84	8
85	7
86	6
87	6
88	6
89	6
90	7
91	8
92	7
93	7
94	8
95	9
96	9
97	11
98	12
99	11
100	10
101	10
102	10
103	11
104	13
105	14
106	15
107	15
108	14
109	12
110	13
111	13
112	14
113	13
114	15
115	15
116	15
117	15
118	17
119	16
120	18
121	18
122	18
123	16
124	18
125	19
126	19
127	19
128	23
129	24
130	25
131	28
132	30
133	29
134	32
135	34
136	36
137	39
138	46
139	52
140	58
141	63
142	72
143	77
144	80
145	89
146	98
147	102
148	110
149	121
150	122
151	132
152	135
153	136
154	136
155	138
156	128
157	124
158	120
159	111
160	103
161	98
162	90
163	84
164	75
165	69
166	63
167	57
168	50
169	45
170	43
171	37
172	35
173	30
174	28
175	25
176	23
177	21
178	21
179	19
180	15
181	13
182	12
183	10
184	10
185	9
186	9
187	9
188	10
189	10
190	12
191	11
192	10
193	9
194	9
195	7
196	6
197	7
198	7
199	6
200	6
201	6
202	5
203	5
204	5
205	4
206	4
207	3
208	4
209	4
210	4
211	4
212	5
213	4
214	4
215	4
216	4
217	4
218	4
219	3
220	4
221	3
222	3
223	3
224	3
225	3
226	3
227	2
228	3
229	2
230	3
231	3
232	3
233	2
234	2
235	2
236	1
237	2
238	2
239	2
240	2
241	2
242	2
243	2
244	2
245	1
246	1
247	1
248	2
249	2
250	2
251	2
252	2
253	1
254	2
255	2
256	2
257	2
258	2
259	1
260	2
261	2
262	2
263	2
264	3
265	3
266	2
267	2
268	2
269	2
270	2
271	3
272	2
273	2
274	2
275	2
276	1
277	1
278	2
279	2
280	2
281	1
282	1
283	1
284	1
285	1
286	1
287	1
288	1
289	1
290	1
291	2
292	2
293	2
294	2
295	2
296	2
297	2
298	2
299	2
300	2
301	2
302	1
303	1
304	1
305	1
306	1
307	2
308	2
309	2
310	1
311	1
312	1
313	1
314	0
315	0
316	0
317	1
318	0
319	1
320	1
321	1
322	1
323	1
324	1
325	2
326	2
327	2
328	1
329	1
330	1
331	1
332	1
333	1
334	1
335	1
336	1
337	1
338	1
339	1
340	1
341	1
342	1
343	2
344	2
345	2
346	1
347	2
348	1
349	1
350	1
351	1
352	1
353	1
354	1
355	1
356	1
357	1
358	1
359	1
360	1
361	1
362	1
363	1
364	1
365	0
366	1
367	1
368	1
369	1
370	1
371	0
372	0
373	0
374	0
375	1
376	1
377	0
378	0
379	0
380	0
381	0
382	0
383	0
384	0
385	0
386	0
387	1
388	0
389	1
390	1
391	1
392	1
393	1
394	0
395	1
396	0
397	1
398	1
399	1
400	1
401	1
402	1
403	1
404	0
405	0
406	0
407	1
408	1
409	1
410	1
411	0
412	0
413	0
414	0
415	0
416	0
417	0
418	0
419	0
420	0
421	0
422	0
423	0
424	0
425	0
426	0
427	0
428	0
429	0
430	0
431	1
432	1
433	1
434	0
435	0
436	0
437	0
438	0
439	0
440	0
441	0
442	0
443	0
444	0
445	0
446	0
447	0
448	0
449	0
450	0
451	0
452	0
453	0
454	0
455	0
456	0
457	0
458	0
459	1
460	1
461	1
462	1
463	1
464	0
465	1
466	1
467	0
468	0
469	1
470	0
471	0
472	0
473	0
474	1
475	1
476	1
477	2
478	2
479	1
480	1
481	0
482	0
483	0
484	0
485	0
486	1
487	2
488	2
489	2
490	3
491	3
492	3
493	3
494	3
495	3
496	4
497	4
498	3
499	3
500	2
501	2
502	3
503	3
504	4
505	4
506	4
507	2
508	3
509	3
510	3
511	3
512	4
513	5
514	4
515	4
516	4
517	2
518	2
519	3
520	4
521	4
522	5
523	5
524	4
525	4
526	4
527	4
528	5
529	5
530	5
531	5
532	4
533	3
534	4
535	3
536	4
537	3
538	4
539	4
540	4
541	4
542	4
543	3
544	4
545	3
546	4
547	4
548	4
549	3
550	3
551	2
552	2
553	3
554	3
555	3
556	2
557	2
558	2
559	2
560	2
561	2
562	2
563	2
564	2
565	2
566	1
567	1
568	1
569	1
570	1
571	1
572	1
573	1
574	1
575	0
576	0
577	0
578	0
579	0
580	0
581	1
582	1
583	2
584	2
585	2
586	1
587	1
588	0
589	0
590	0
591	0
592	0
593	0
594	0
595	0
596	0
597	0
598	0
599	0
600	1
601	1
602	1
603	1
604	0
605	0
606	0
607	0
608	0
609	0
610	0
611	0
612	0
613	0
614	0
615	0
616	0
617	0
618	0
619	0
620	0
621	0
622	0
623	0
624	0
625	0
626	1
627	1
628	1
629	0
630	0
631	0
632	0
633	0
634	0
635	0
636	0
637	0
638	0
639	0
640	0
641	0
642	0
643	0
644	0
645	0
646	0
647	0
648	0
649	0
650	0
651	0
652	0
653	0
654	0
655	0
656	0
657	0
658	0
659	0
660	0
661	0
662	0
663	0
664	0
665	0
666	0
667	0
668	0
669	0
670	0
671	0
672	0
673	0
674	0
675	0
676	0
677	0
678	0
679	0
680	0
681	0
682	0
683	0
684	0
685	0
686	0
687	0
688	0
689	0
690	0
691	0
692	0
693	0
694	0
695	0
696	0
697	0
698	0
699	0
700	0
701	0
702	0
703	0
704	0
705	0
706	0
707	0
708	0
709	0
710	0
711	0
712	0
713	0
714	0
715	0
716	0
717	0
718	0
719	0
720	0
721	0
722	0
723	0
724	0
725	0
726	0
727	0
728	0
729	0
730	0
731	0
732	0
733	0
734	0
735	0
736	0
737	0
738	0
739	0
740	0
741	0
742	0
743	0
744	0
745	0
746	0
747	0
748	0
749	0
750	0
751	0
752	0
753	0
754	0
755	0
756	0
757	0
758	0
759	0
760	0
761	0
762	0
763	0
764	0
765	0
766	0
767	0
768	0
769	0
770	0
771	0
772	0
773	0
774	0
775	0
776	0
777	0
778	0
779	0
780	0
781	0
782	0
783	0
784	0
785	0
786	0
787	0
788	0
789	0
790	0
791	0
792	0
793	0
794	0
795	0
796	0
797	0
798	0
799	0
800	0
