Amplitude ( ADC Kanal) -  (Histogram)	Counts -  (Histogram)
20	0
21	0
22	0
23	0
24	0
25	0
26	0
27	0
28	0
29	0
30	0
31	0
32	0
33	0
34	0
35	0
36	0
37	0
38	0
39	0
40	0
41	0
42	0
43	0
44	0
45	0
46	0
47	0
48	0
49	0
50	0
51	0
52	0
53	0
54	0
55	0
56	0
57	0
58	0
59	0
60	0
61	0
62	0
63	0
64	0
65	0
66	0
67	0
68	0
69	0
70	0
71	0
72	0
73	0
74	0
75	0
76	0
77	0
78	0
79	0
80	0
81	0
82	0
83	0
84	0
85	0
86	0
87	0
88	0
89	0
90	0
91	0
92	0
93	0
94	0
95	0
96	0
97	0
98	0
99	0
100	0
101	0
102	0
103	0
104	0
105	0
106	0
107	0
108	0
109	0
110	0
111	0
112	0
113	0
114	0
115	0
116	0
117	0
118	0
119	0
120	0
121	0
122	0
123	0
124	0
125	0
126	0
127	0
128	0
129	0
130	0
131	0
132	0
133	0
134	0
135	0
136	0
137	0
138	0
139	0
140	0
141	0
142	0
143	0
144	0
145	0
146	0
147	0
148	0
149	0
150	0
151	0
152	0
153	0
154	0
155	0
156	0
157	0
158	0
159	0
160	0
161	0
162	0
163	0
164	0
165	0
166	0
167	0
168	0
169	0
170	0
171	0
172	0
173	0
174	0
175	0
176	0
177	0
178	0
179	0
180	0
181	0
182	0
183	0
184	0
185	0
186	0
187	0
188	0
189	0
190	0
191	0
192	0
193	0
194	0
195	0
196	0
197	0
198	0
199	0
200	0
201	0
202	0
203	0
204	0
205	0
206	0
207	0
208	0
209	0
210	0
211	0
212	0
213	0
214	0
215	0
216	0
217	0
218	0
219	0
220	0
221	0
222	0
223	0
224	0
225	0
226	0
227	0
228	0
229	0
230	0
231	0
232	0
233	0
234	0
235	0
236	0
237	0
238	0
239	0
240	0
241	0
242	0
243	0
244	0
245	0
246	0
247	0
248	0
249	0
250	0
251	0
252	0
253	0
254	0
255	0
256	0
257	0
258	0
259	0
260	0
261	0
262	0
263	0
264	0
265	0
266	0
267	0
268	0
269	0
270	0
271	0
272	0
273	0
274	0
275	0
276	0
277	0
278	0
279	0
280	0
281	0
282	0
283	0
284	0
285	0
286	0
287	0
288	0
289	0
290	0
291	0
292	0
293	0
294	0
295	0
296	0
297	0
298	0
299	0
300	0
301	0
302	0
303	0
304	0
305	0
306	0
307	0
308	0
309	0
310	0
311	0
312	0
313	0
314	0
315	0
316	0
317	0
318	0
319	0
320	0
321	0
322	0
323	0
324	0
325	0
326	0
327	0
328	0
329	0
330	0
331	0
332	0
333	0
334	0
335	0
336	1
337	2
338	2
339	4
340	5
341	5
342	6
343	6
344	6
345	6
346	6
347	4
348	5
349	4
350	4
351	5
352	6
353	6
354	9
355	10
356	11
357	10
358	9
359	8
360	8
361	9
362	10
363	12
364	13
365	12
366	13
367	13
368	12
369	12
370	12
371	12
372	13
373	14
374	15
375	17
376	18
377	19
378	20
379	18
380	20
381	21
382	21
383	19
384	20
385	18
386	17
387	16
388	17
389	18
390	17
391	17
392	21
393	24
394	25
395	27
396	27
397	27
398	26
399	26
400	26
401	27
402	24
403	22
404	21
405	23
406	22
407	23
408	21
409	22
410	20
411	19
412	19
413	20
414	19
415	18
416	18
417	17
418	16
419	15
420	16
421	17
422	17
423	19
424	19
425	20
426	18
427	15
428	14
429	13
430	12
431	13
432	16
433	16
434	16
435	16
436	15
437	12
438	11
439	12
440	12
441	11
442	11
443	11
444	9
445	8
446	8
447	8
448	8
449	11
450	11
451	11
452	11
453	10
454	7
455	7
456	8
457	7
458	7
459	8
460	7
461	5
462	5
463	6
464	6
465	6
466	8
467	8
468	7
469	7
470	8
471	7
472	6
473	6
474	5
475	6
476	6
477	6
478	6
479	6
480	5
481	5
482	5
483	5
484	5
485	6
486	5
487	5
488	5
489	5
490	5
491	5
492	5
493	5
494	6
495	5
496	4
497	4
498	3
499	3
500	3
501	3
502	3
503	4
504	3
505	3
506	3
507	3
508	3
509	3
510	3
511	3
512	5
513	5
514	4
515	5
516	4
517	3
518	3
519	4
520	4
521	4
522	4
523	4
524	4
525	3
526	4
527	3
528	3
529	3
530	3
531	2
532	3
533	2
534	2
535	2
536	2
537	2
538	2
539	2
540	2
541	2
542	3
543	3
544	3
545	4
546	4
547	4
548	5
549	4
550	4
551	3
552	3
553	2
554	3
555	4
556	5
557	4
558	4
559	3
560	3
561	2
562	3
563	3
564	3
565	3
566	3
567	3
568	3
569	3
570	3
571	3
572	3
573	3
574	3
575	4
576	4
577	4
578	4
579	4
580	3
581	3
582	2
583	2
584	2
585	2
586	2
587	2
588	3
589	2
590	2
591	2
592	2
593	1
594	2
595	2
596	3
597	3
598	3
599	4
600	3
601	3
602	3
603	4
604	3
605	3
606	2
607	2
608	1
609	2
610	2
611	1
612	1
613	2
614	2
615	2
616	2
617	3
618	3
619	3
620	4
621	4
622	4
623	3
624	4
625	3
626	3
627	3
628	4
629	4
630	4
631	4
632	4
633	3
634	4
635	4
636	4
637	4
638	4
639	3
640	4
641	4
642	4
643	3
644	4
645	3
646	3
647	3
648	3
649	3
650	3
651	3
652	3
653	3
654	3
655	3
656	3
657	3
658	3
659	3
660	3
661	3
662	2
663	3
664	2
665	2
666	3
667	2
668	2
669	3
670	4
671	3
672	4
673	4
674	4
675	4
676	4
677	3
678	2
679	2
680	1
681	2
682	2
683	2
684	1
685	1
686	1
687	1
688	1
689	2
690	2
691	2
692	2
693	3
694	2
695	2
696	1
697	1
698	1
699	1
700	1
701	1
702	2
703	3
704	3
705	2
706	2
707	2
708	2
709	2
710	2
711	3
712	2
713	2
714	3
715	3
716	3
717	3
718	2
719	2
720	2
721	1
722	1
723	1
724	1
725	1
726	1
727	1
728	1
729	1
730	1
731	2
732	2
733	2
734	3
735	4
736	3
737	3
738	3
739	3
740	2
741	2
742	2
743	2
744	1
745	2
746	1
747	1
748	2
749	2
750	2
751	3
752	3
753	3
754	2
755	2
756	1
757	2
758	1
759	1
760	1
761	1
762	1
763	1
764	1
765	2
766	2
767	2
768	2
769	2
770	1
771	1
772	1
773	1
774	1
775	1
776	2
777	2
778	1
779	1
780	1
781	1
782	1
783	1
784	2
785	2
786	2
787	2
788	2
789	1
790	2
791	1
792	2
793	2
794	2
795	2
796	2
797	2
798	2
799	1
800	1
801	1
802	2
803	2
804	1
805	2
806	1
807	1
808	2
809	2
810	2
811	2
812	3
813	2
814	2
815	2
816	2
817	2
818	2
819	2
820	1
821	1
822	1
823	1
824	2
825	2
826	2
827	2
828	2
829	2
830	2
831	1
832	1
833	1
834	1
835	1
836	1
837	1
838	0
839	1
840	1
841	1
842	2
843	2
844	2
845	2
846	1
847	1
848	1
849	1
850	1
851	1
852	1
853	2
854	2
855	2
856	1
857	1
858	1
859	1
860	1
861	1
862	1
863	1
864	1
865	1
866	2
867	2
868	2
869	2
870	3
871	2
872	2
873	2
874	2
875	2
876	2
877	2
878	3
879	3
880	2
881	3
882	2
883	2
884	2
885	2
886	2
887	2
888	2
889	2
890	2
891	2
892	2
893	2
894	1
895	1
896	1
897	1
898	1
899	1
900	1
901	1
902	2
903	2
904	2
905	3
906	2
907	2
908	2
909	3
910	3
911	3
912	3
913	3
914	2
915	2
916	2
917	2
918	2
919	2
920	2
921	2
922	2
923	2
924	2
925	2
926	2
927	2
928	1
929	1
930	1
931	1
932	1
933	1
934	2
935	2
936	2
937	2
938	1
939	1
940	1
941	1
942	1
943	2
944	2
945	2
946	2
947	2
948	2
949	2
950	1
951	1
952	1
953	1
954	2
955	3
956	3
957	4
958	3
959	3
960	2
961	1
962	1
963	2
964	1
965	1
966	1
967	1
968	1
969	1
970	1
971	2
972	1
973	1
974	1
975	2
976	2
977	2
978	3
979	2
980	2
981	1
982	1
983	1
984	1
985	2
986	2
987	2
988	2
989	2
990	2
991	1
992	1
993	1
994	1
995	2
996	2
997	3
998	3
999	3
1000	2
1001	1
1002	1
1003	1
1004	1
1005	1
1006	1
1007	1
1008	1
1009	1
1010	1
1011	1
1012	1
1013	1
1014	1
1015	1
1016	1
1017	1
1018	1
1019	1
1020	1
1021	2
1022	2
1023	2
1024	2
1025	1
1026	1
1027	1
1028	1
1029	1
1030	1
1031	1
1032	1
1033	1
1034	1
1035	1
1036	1
1037	1
1038	1
1039	1
1040	2
1041	2
1042	2
1043	2
1044	2
1045	1
1046	1
1047	1
1048	1
1049	1
1050	1
1051	1
1052	1
1053	2
1054	2
1055	2
1056	2
1057	2
1058	1
1059	1
1060	1
1061	1
1062	1
1063	2
1064	1
1065	2
1066	1
1067	1
1068	1
1069	1
1070	1
1071	1
1072	1
1073	2
1074	2
1075	2
1076	2
1077	2
1078	1
1079	1
1080	1
1081	1
1082	1
1083	1
1084	1
1085	1
1086	2
1087	2
1088	2
1089	2
1090	1
1091	1
1092	1
1093	2
1094	2
1095	2
1096	2
1097	2
1098	1
1099	1
1100	1
1101	0
1102	0
1103	1
1104	1
1105	1
1106	1
1107	1
1108	1
1109	1
1110	1
1111	1
1112	2
1113	1
1114	1
1115	1
1116	1
1117	1
1118	1
1119	1
1120	2
1121	2
1122	2
1123	2
1124	2
1125	2
1126	2
1127	3
1128	3
1129	3
1130	3
1131	3
1132	2
1133	2
1134	2
1135	2
1136	2
1137	2
1138	2
1139	2
1140	2
1141	3
1142	2
1143	2
1144	2
1145	2
1146	2
1147	2
1148	2
1149	2
1150	2
1151	2
1152	2
1153	2
1154	2
1155	2
1156	1
1157	1
1158	2
1159	1
1160	2
1161	2
1162	2
1163	2
1164	2
1165	2
1166	2
1167	1
1168	1
1169	1
1170	1
1171	1
1172	2
1173	2
1174	3
1175	3
1176	2
1177	2
1178	2
1179	1
1180	2
1181	2
1182	2
1183	2
1184	2
1185	2
1186	2
1187	2
1188	2
1189	1
1190	1
1191	1
1192	0
1193	1
1194	1
1195	1
1196	1
1197	2
1198	2
1199	2
1200	2
1201	2
1202	1
1203	1
1204	1
1205	1
1206	1
1207	1
1208	1
1209	1
1210	2
1211	2
1212	2
1213	2
1214	2
1215	2
1216	2
1217	2
1218	2
1219	2
1220	2
1221	2
1222	2
1223	2
1224	2
1225	2
1226	2
1227	2
1228	2
1229	2
1230	1
1231	1
1232	1
1233	1
1234	1
1235	1
1236	1
1237	1
1238	1
1239	1
1240	0
1241	0
1242	0
1243	0
1244	1
1245	2
1246	2
1247	2
1248	2
1249	2
1250	1
1251	1
1252	1
1253	2
1254	2
1255	2
1256	1
1257	1
1258	1
1259	2
1260	2
1261	2
1262	3
1263	3
1264	2
1265	2
1266	2
1267	1
1268	1
1269	1
1270	1
1271	1
1272	1
1273	1
1274	1
1275	1
1276	1
1277	2
1278	1
1279	1
1280	1
1281	1
1282	1
1283	1
1284	1
1285	2
1286	2
1287	2
1288	2
1289	2
1290	1
1291	1
1292	1
1293	1
1294	1
1295	1
1296	1
1297	1
1298	1
1299	1
1300	1
1301	0
1302	0
1303	1
1304	1
1305	1
1306	1
1307	1
1308	1
1309	1
1310	1
1311	1
1312	1
1313	1
1314	2
1315	2
1316	2
1317	2
1318	2
1319	2
1320	1
1321	1
1322	1
1323	0
1324	1
1325	1
1326	1
1327	1
1328	1
1329	1
1330	1
1331	1
1332	1
1333	2
1334	1
1335	2
1336	1
1337	1
1338	1
1339	1
1340	1
1341	1
1342	1
1343	0
1344	1
1345	1
1346	1
1347	2
1348	2
1349	2
1350	2
1351	2
1352	1
1353	1
1354	1
1355	2
1356	2
1357	2
1358	2
1359	2
1360	2
1361	2
1362	2
1363	2
1364	2
1365	2
1366	1
1367	1
1368	2
1369	1
1370	1
1371	2
1372	2
1373	2
1374	2
1375	1
1376	1
1377	1
1378	1
1379	1
1380	1
1381	2
1382	2
1383	2
1384	3
1385	3
1386	3
1387	3
1388	3
1389	2
1390	2
1391	2
1392	1
1393	1
1394	1
1395	1
1396	1
1397	2
1398	2
1399	2
1400	2
1401	3
1402	2
1403	2
1404	2
1405	2
1406	1
1407	1
1408	2
1409	2
1410	2
1411	2
1412	2
1413	1
1414	1
1415	1
1416	0
1417	1
1418	1
1419	2
1420	2
1421	2
1422	2
1423	2
1424	2
1425	3
1426	3
1427	3
1428	2
1429	1
1430	1
1431	1
1432	1
1433	1
1434	2
1435	2
1436	3
1437	3
1438	3
1439	2
1440	2
1441	2
1442	1
1443	1
1444	2
1445	1
1446	1
1447	1
1448	1
1449	0
1450	1
1451	1
1452	1
1453	2
1454	2
1455	2
1456	1
1457	1
1458	1
1459	1
1460	1
1461	1
1462	1
1463	1
1464	1
1465	2
1466	2
1467	1
1468	1
1469	1
1470	1
1471	1
1472	1
1473	1
1474	1
1475	1
1476	0
1477	1
1478	1
1479	2
1480	2
1481	2
1482	1
1483	1
1484	1
1485	1
1486	2
1487	2
1488	2
1489	1
1490	1
1491	0
1492	0
1493	0
1494	0
1495	0
1496	0
1497	0
1498	1
1499	1
1500	1
1501	2
1502	2
1503	2
1504	1
1505	1
1506	0
1507	0
1508	1
1509	1
1510	1
1511	1
1512	2
1513	1
1514	1
1515	1
1516	2
1517	1
1518	2
1519	2
1520	2
1521	2
1522	3
1523	3
1524	2
1525	2
1526	1
1527	0
1528	1
1529	1
1530	1
1531	2
1532	2
1533	1
1534	1
1535	1
1536	1
1537	2
1538	3
1539	3
1540	3
1541	2
1542	1
1543	1
1544	1
1545	1
1546	2
1547	2
1548	1
1549	1
1550	1
1551	1
1552	1
1553	1
1554	2
1555	2
1556	2
1557	1
1558	1
1559	2
1560	2
1561	3
1562	4
1563	3
1564	3
1565	3
1566	2
1567	1
1568	0
1569	1
1570	1
1571	1
1572	2
1573	2
1574	2
1575	1
1576	2
1577	1
1578	2
1579	2
1580	2
1581	2
1582	2
1583	1
1584	1
1585	1
1586	1
1587	1
1588	2
1589	2
1590	2
1591	2
1592	2
1593	2
1594	1
1595	1
1596	1
1597	1
1598	1
1599	1
1600	1
1601	1
1602	1
1603	1
1604	1
1605	1
1606	1
1607	1
1608	1
1609	1
1610	1
1611	2
1612	2
1613	3
1614	3
1615	3
1616	3
1617	2
1618	1
1619	1
1620	2
1621	1
1622	1
1623	1
1624	2
1625	1
1626	1
1627	1
1628	2
1629	2
1630	2
1631	2
1632	1
1633	1
1634	1
1635	1
1636	2
1637	2
1638	2
1639	2
1640	2
1641	1
1642	2
1643	2
1644	2
1645	2
1646	1
1647	2
1648	1
1649	1
1650	1
1651	1
1652	0
1653	0
1654	0
1655	0
1656	1
1657	1
1658	2
1659	2
1660	2
1661	2
1662	2
1663	2
1664	2
1665	2
1666	3
1667	2
1668	2
1669	2
1670	2
1671	2
1672	2
1673	2
1674	1
1675	1
1676	1
1677	1
1678	1
1679	1
1680	1
1681	1
1682	1
1683	1
1684	1
1685	1
1686	1
1687	1
1688	2
1689	1
1690	1
1691	1
1692	1
1693	1
1694	1
1695	1
1696	2
1697	2
1698	2
1699	2
1700	2
1701	2
1702	2
1703	1
1704	1
1705	1
1706	0
1707	0
1708	0
1709	0
1710	1
1711	1
1712	1
1713	2
1714	1
1715	2
1716	1
1717	1
1718	1
1719	2
1720	2
1721	1
1722	2
1723	1
1724	1
1725	1
1726	2
1727	2
1728	2
1729	1
1730	1
1731	1
1732	1
1733	1
1734	2
1735	2
1736	3
1737	2
1738	2
1739	2
1740	1
1741	2
1742	1
1743	2
1744	1
1745	2
1746	1
1747	2
1748	1
1749	1
1750	1
1751	1
1752	2
1753	1
1754	1
1755	1
1756	2
1757	1
1758	2
1759	2
1760	2
1761	1
1762	2
1763	1
1764	1
1765	1
1766	1
1767	1
1768	1
1769	2
1770	1
1771	1
1772	1
1773	1
1774	1
1775	1
1776	1
1777	1
1778	1
1779	1
1780	1
1781	2
1782	2
1783	2
1784	2
1785	3
1786	2
1787	2
1788	2
1789	2
1790	1
1791	2
1792	1
1793	1
1794	2
1795	1
1796	1
1797	2
1798	2
1799	2
1800	2
1801	2
1802	2
1803	2
1804	2
1805	2
1806	1
1807	0
1808	0
1809	1
1810	1
1811	2
1812	1
1813	1
1814	1
1815	1
1816	1
1817	2
1818	2
1819	2
1820	2
1821	1
1822	1
1823	1
1824	1
1825	1
1826	1
1827	1
1828	1
1829	1
1830	1
1831	1
1832	1
1833	1
1834	1
1835	1
1836	0
1837	1
1838	1
1839	1
1840	1
1841	1
1842	2
1843	2
1844	1
1845	1
1846	1
1847	1
1848	1
1849	1
1850	1
1851	1
1852	1
1853	1
1854	1
1855	1
1856	1
1857	1
1858	1
1859	1
1860	1
1861	1
1862	2
1863	1
1864	1
1865	2
1866	2
1867	2
1868	2
1869	3
1870	2
1871	1
1872	1
1873	1
1874	1
1875	2
1876	2
1877	2
1878	2
1879	2
1880	1
1881	2
1882	1
1883	1
1884	1
1885	1
1886	1
1887	1
1888	1
1889	1
1890	1
1891	1
1892	1
1893	1
1894	1
1895	1
1896	1
1897	2
1898	2
1899	1
1900	1
1901	1
1902	1
1903	2
1904	2
1905	2
1906	1
1907	1
1908	1
1909	1
1910	1
1911	2
1912	2
1913	2
1914	2
1915	2
1916	2
1917	2
1918	1
1919	1
1920	1
1921	2
1922	2
1923	1
1924	1
1925	1
1926	0
1927	0
1928	1
1929	1
1930	0
1931	1
1932	1
1933	1
1934	1
1935	2
1936	2
1937	1
1938	2
1939	2
1940	1
1941	1
1942	1
1943	1
1944	0
1945	1
1946	1
1947	1
1948	1
1949	1
1950	2
1951	2
1952	2
1953	2
1954	2
1955	1
1956	1
1957	2
1958	2
1959	2
1960	2
1961	2
1962	1
1963	1
1964	1
1965	1
1966	2
1967	2
1968	2
1969	2
1970	3
1971	2
1972	3
1973	3
1974	2
1975	2
1976	2
1977	1
1978	1
1979	1
1980	1
1981	2
1982	2
1983	2
1984	2
1985	2
1986	2
1987	1
1988	2
1989	2
1990	2
1991	1
1992	1
1993	1
1994	1
1995	1
1996	1
1997	1
1998	2
1999	2
2000	2
2001	2
2002	2
2003	1
2004	1
2005	1
2006	1
2007	1
2008	1
2009	2
2010	2
2011	2
2012	2
2013	2
2014	1
2015	1
2016	1
2017	2
2018	2
2019	2
2020	3
2021	3
2022	3
2023	3
2024	2
2025	2
2026	2
2027	2
2028	3
2029	3
2030	3
2031	3
2032	2
2033	2
2034	2
2035	2
2036	2
2037	2
2038	2
2039	1
2040	1
2041	1
2042	1
2043	2
2044	1
2045	3
2046	1
2047	60
