Amplitude ( ADC Kanal) -  (Histogram)	Counts -  (Histogram)
20	0
21	0
22	0
23	0
24	0
25	0
26	0
27	0
28	0
29	0
30	0
31	0
32	0
33	0
34	0
35	0
36	0
37	0
38	0
39	0
40	0
41	0
42	0
43	0
44	0
45	0
46	0
47	0
48	0
49	0
50	0
51	0
52	0
53	0
54	0
55	0
56	0
57	0
58	0
59	0
60	0
61	0
62	0
63	0
64	0
65	0
66	0
67	0
68	0
69	0
70	0
71	0
72	0
73	0
74	0
75	0
76	0
77	0
78	0
79	0
80	0
81	0
82	0
83	0
84	0
85	0
86	0
87	0
88	0
89	0
90	0
91	0
92	0
93	0
94	0
95	0
96	0
97	0
98	0
99	0
100	0
101	0
102	0
103	0
104	0
105	0
106	0
107	0
108	0
109	0
110	0
111	0
112	0
113	0
114	0
115	0
116	0
117	0
118	0
119	0
120	0
121	0
122	0
123	0
124	0
125	0
126	0
127	0
128	0
129	0
130	0
131	0
132	0
133	0
134	0
135	0
136	0
137	0
138	0
139	0
140	0
141	0
142	0
143	0
144	0
145	0
146	0
147	0
148	0
149	0
150	0
151	0
152	0
153	0
154	0
155	0
156	0
157	0
158	0
159	0
160	0
161	0
162	0
163	0
164	0
165	0
166	0
167	0
168	0
169	0
170	0
171	0
172	0
173	0
174	0
175	0
176	0
177	0
178	0
179	0
180	0
181	0
182	0
183	0
184	0
185	0
186	0
187	0
188	0
189	0
190	0
191	0
192	0
193	0
194	0
195	0
196	0
197	0
198	0
199	0
200	0
201	0
202	0
203	0
204	0
205	0
206	0
207	0
208	0
209	0
210	0
211	0
212	0
213	0
214	0
215	0
216	0
217	0
218	0
219	0
220	0
221	0
222	0
223	0
224	0
225	0
226	0
227	0
228	0
229	0
230	0
231	0
232	0
233	0
234	0
235	0
236	0
237	0
238	0
239	0
240	0
241	0
242	0
243	0
244	0
245	0
246	0
247	0
248	0
249	0
250	0
251	0
252	0
253	0
254	0
255	0
256	0
257	0
258	0
259	0
260	0
261	0
262	0
263	0
264	0
265	0
266	0
267	0
268	0
269	0
270	0
271	0
272	0
273	0
274	0
275	0
276	0
277	0
278	0
279	0
280	0
281	0
282	0
283	0
284	0
285	0
286	0
287	0
288	0
289	0
290	0
291	0
292	0
293	0
294	0
295	0
296	0
297	0
298	0
299	0
300	0
301	0
302	0
303	0
304	0
305	0
306	0
307	0
308	0
309	0
310	0
311	0
312	0
313	0
314	0
315	0
316	0
317	0
318	0
319	0
320	0
321	0
322	0
323	0
324	0
325	0
326	0
327	0
328	0
329	0
330	0
331	0
332	0
333	1
334	1
335	0
336	0
337	0
338	0
339	0
340	0
341	0
342	1
343	1
344	1
345	1
346	1
347	1
348	1
349	1
350	1
351	1
352	2
353	2
354	2
355	2
356	2
357	2
358	2
359	1
360	1
361	1
362	0
363	0
364	0
365	1
366	1
367	0
368	0
369	1
370	0
371	0
372	0
373	1
374	1
375	1
376	1
377	1
378	0
379	0
380	1
381	1
382	1
383	1
384	0
385	0
386	0
387	0
388	0
389	0
390	1
391	1
392	1
393	1
394	1
395	1
396	1
397	1
398	1
399	1
400	1
401	1
402	2
403	1
404	1
405	1
406	2
407	1
408	2
409	2
410	2
411	2
412	2
413	1
414	1
415	1
416	1
417	1
418	1
419	1
420	2
421	2
422	3
423	3
424	3
425	3
426	3
427	3
428	3
429	3
430	3
431	3
432	3
433	4
434	5
435	5
436	4
437	6
438	6
439	5
440	6
441	6
442	6
443	5
444	6
445	6
446	5
447	7
448	8
449	9
450	10
451	10
452	8
453	8
454	9
455	9
456	9
457	10
458	10
459	8
460	8
461	7
462	8
463	7
464	7
465	8
466	9
467	9
468	10
469	11
470	10
471	9
472	10
473	9
474	8
475	9
476	10
477	10
478	10
479	10
480	9
481	9
482	9
483	9
484	9
485	10
486	9
487	9
488	9
489	10
490	9
491	9
492	8
493	9
494	6
495	6
496	6
497	6
498	6
499	6
500	7
501	8
502	9
503	10
504	9
505	8
506	8
507	6
508	6
509	6
510	5
511	4
512	4
513	4
514	4
515	4
516	5
517	5
518	5
519	5
520	5
521	4
522	4
523	3
524	4
525	3
526	4
527	3
528	4
529	4
530	5
531	4
532	4
533	4
534	4
535	3
536	2
537	2
538	2
539	1
540	2
541	3
542	3
543	3
544	4
545	4
546	2
547	3
548	3
549	2
550	2
551	2
552	3
553	3
554	3
555	4
556	4
557	3
558	3
559	3
560	2
561	2
562	2
563	2
564	1
565	1
566	1
567	2
568	2
569	2
570	3
571	3
572	3
573	3
574	3
575	2
576	3
577	3
578	3
579	3
580	2
581	2
582	2
583	1
584	1
585	1
586	2
587	1
588	2
589	1
590	2
591	2
592	2
593	2
594	2
595	2
596	2
597	1
598	1
599	1
600	1
601	1
602	1
603	2
604	1
605	1
606	1
607	1
608	1
609	1
610	1
611	2
612	2
613	2
614	1
615	2
616	2
617	2
618	2
619	2
620	2
621	2
622	2
623	1
624	1
625	2
626	2
627	1
628	2
629	2
630	2
631	2
632	2
633	1
634	1
635	2
636	2
637	2
638	2
639	2
640	1
641	1
642	1
643	1
644	1
645	1
646	1
647	1
648	1
649	1
650	1
651	1
652	1
653	2
654	2
655	2
656	2
657	1
658	1
659	1
660	1
661	2
662	2
663	2
664	2
665	2
666	2
667	2
668	2
669	2
670	2
671	2
672	2
673	1
674	1
675	1
676	1
677	1
678	1
679	1
680	1
681	1
682	0
683	0
684	1
685	1
686	1
687	1
688	1
689	1
690	1
691	1
692	2
693	2
694	2
695	2
696	2
697	2
698	2
699	1
700	1
701	1
702	0
703	0
704	0
705	1
706	1
707	2
708	2
709	2
710	2
711	1
712	1
713	1
714	1
715	1
716	1
717	1
718	1
719	1
720	2
721	1
722	2
723	2
724	2
725	1
726	1
727	1
728	1
729	1
730	1
731	2
732	2
733	2
734	2
735	2
736	1
737	0
738	0
739	1
740	1
741	1
742	1
743	1
744	1
745	0
746	1
747	1
748	1
749	0
750	0
751	0
752	0
753	1
754	1
755	1
756	1
757	1
758	1
759	1
760	1
761	1
762	1
763	1
764	2
765	2
766	1
767	2
768	1
769	1
770	1
771	1
772	1
773	2
774	2
775	2
776	2
777	2
778	2
779	1
780	1
781	1
782	1
783	1
784	1
785	2
786	2
787	1
788	1
789	1
790	0
791	0
792	0
793	0
794	0
795	1
796	1
797	1
798	1
799	1
800	0
801	0
802	0
803	1
804	1
805	1
806	1
807	1
808	1
809	1
810	1
811	1
812	1
813	1
814	1
815	1
816	1
817	1
818	0
819	0
820	0
821	0
822	0
823	1
824	1
825	1
826	1
827	1
828	1
829	1
830	1
831	1
832	1
833	0
834	0
835	0
836	1
837	1
838	1
839	1
840	1
841	1
842	1
843	1
844	1
845	1
846	1
847	1
848	1
849	1
850	1
851	0
852	0
853	0
854	0
855	0
856	0
857	0
858	0
859	0
860	0
861	1
862	1
863	1
864	1
865	1
866	1
867	1
868	1
869	1
870	1
871	1
872	1
873	0
874	0
875	0
876	0
877	0
878	1
879	1
880	1
881	1
882	2
883	2
884	1
885	1
886	1
887	0
888	1
889	1
890	1
891	1
892	1
893	1
894	1
895	1
896	1
897	1
898	0
899	1
900	1
901	1
902	1
903	1
904	1
905	1
906	1
907	1
908	1
909	0
910	0
911	0
912	0
913	1
914	1
915	1
916	1
917	1
918	0
919	0
920	1
921	1
922	0
923	1
924	1
925	1
926	1
927	2
928	2
929	1
930	1
931	1
932	0
933	1
934	1
935	1
936	1
937	1
938	1
939	1
940	1
941	0
942	0
943	0
944	0
945	0
946	0
947	0
948	0
949	1
950	1
951	1
952	1
953	1
954	1
955	1
956	1
957	1
958	1
959	1
960	1
961	1
962	1
963	1
964	1
965	0
966	1
967	1
968	1
969	1
970	1
971	1
972	1
973	1
974	1
975	1
976	0
977	0
978	0
979	1
980	1
981	1
982	1
983	1
984	1
985	1
986	1
987	1
988	1
989	1
990	2
991	2
992	2
993	2
994	1
995	1
996	1
997	1
998	1
999	1
1000	1
1001	1
1002	1
1003	1
1004	1
1005	1
1006	1
1007	1
1008	0
1009	1
1010	0
1011	0
1012	1
1013	1
1014	0
1015	0
1016	0
1017	0
1018	0
1019	0
1020	0
1021	0
1022	0
1023	0
1024	1
1025	1
1026	1
1027	1
1028	1
1029	1
1030	1
1031	1
1032	1
1033	1
1034	1
1035	1
1036	1
1037	1
1038	1
1039	1
1040	1
1041	1
1042	1
1043	1
1044	1
1045	1
1046	1
1047	1
1048	0
1049	1
1050	0
1051	0
1052	0
1053	1
1054	1
1055	1
1056	2
1057	2
1058	1
1059	2
1060	2
1061	1
1062	1
1063	1
1064	1
1065	1
1066	1
1067	1
1068	1
1069	1
1070	1
1071	1
1072	1
1073	1
1074	1
1075	0
1076	0
1077	1
1078	1
1079	1
1080	1
1081	2
1082	1
1083	1
1084	1
1085	1
1086	0
1087	0
1088	0
1089	1
1090	1
1091	1
1092	1
1093	0
1094	0
1095	0
1096	1
1097	0
1098	0
1099	1
1100	1
1101	0
1102	1
1103	1
1104	1
1105	0
1106	1
1107	0
1108	1
1109	1
1110	1
1111	1
1112	1
1113	0
1114	1
1115	0
1116	1
1117	1
1118	1
1119	1
1120	1
1121	1
1122	1
1123	0
1124	0
1125	1
1126	1
1127	0
1128	0
1129	1
1130	0
1131	0
1132	0
1133	1
1134	0
1135	0
1136	1
1137	2
1138	1
1139	2
1140	2
1141	1
1142	1
1143	1
1144	0
1145	1
1146	1
1147	0
1148	0
1149	1
1150	1
1151	1
1152	1
1153	1
1154	1
1155	1
1156	1
1157	1
1158	1
1159	0
1160	0
1161	1
1162	1
1163	2
1164	2
1165	2
1166	2
1167	1
1168	0
1169	0
1170	0
1171	0
1172	0
1173	1
1174	1
1175	1
1176	1
1177	1
1178	1
1179	1
1180	1
1181	1
1182	1
1183	1
1184	1
1185	1
1186	1
1187	1
1188	1
1189	1
1190	1
1191	1
1192	0
1193	1
1194	1
1195	1
1196	1
1197	1
1198	1
1199	1
1200	1
1201	1
1202	1
1203	1
1204	1
1205	1
1206	1
1207	1
1208	1
1209	0
1210	0
1211	0
1212	1
1213	1
1214	1
1215	1
1216	1
1217	1
1218	1
1219	1
1220	0
1221	1
1222	0
1223	0
1224	0
1225	0
1226	0
1227	0
1228	0
1229	0
1230	1
1231	1
1232	1
1233	1
1234	1
1235	0
1236	0
1237	0
1238	1
1239	1
1240	1
1241	1
1242	1
1243	0
1244	0
1245	0
1246	0
1247	0
1248	0
1249	1
1250	1
1251	1
1252	1
1253	1
1254	1
1255	1
1256	2
1257	2
1258	2
1259	2
1260	2
1261	2
1262	1
1263	1
1264	1
1265	1
1266	1
1267	1
1268	1
1269	1
1270	1
1271	1
1272	1
1273	1
1274	1
1275	1
1276	0
1277	1
1278	1
1279	1
1280	1
1281	1
1282	1
1283	1
1284	1
1285	1
1286	1
1287	1
1288	1
1289	1
1290	1
1291	1
1292	1
1293	1
1294	1
1295	1
1296	1
1297	1
1298	1
1299	1
1300	1
1301	1
1302	1
1303	1
1304	1
1305	1
1306	1
1307	1
1308	1
1309	1
1310	2
1311	1
1312	1
1313	1
1314	1
1315	0
1316	1
1317	1
1318	1
1319	1
1320	1
1321	1
1322	1
1323	1
1324	1
1325	0
1326	0
1327	1
1328	1
1329	1
1330	1
1331	1
1332	1
1333	1
1334	1
1335	1
1336	1
1337	1
1338	1
1339	1
1340	1
1341	1
1342	1
1343	1
1344	2
1345	2
1346	2
1347	2
1348	2
1349	1
1350	1
1351	1
1352	0
1353	0
1354	0
1355	0
1356	0
1357	0
1358	0
1359	1
1360	0
1361	0
1362	0
1363	0
1364	0
1365	0
1366	0
1367	0
1368	0
1369	0
1370	0
1371	1
1372	1
1373	1
1374	1
1375	1
1376	0
1377	1
1378	1
1379	1
1380	1
1381	1
1382	1
1383	1
1384	1
1385	1
1386	1
1387	1
1388	1
1389	1
1390	1
1391	1
1392	1
1393	1
1394	1
1395	1
1396	1
1397	1
1398	1
1399	1
1400	1
1401	1
1402	0
1403	0
1404	0
1405	0
1406	0
1407	0
1408	0
1409	0
1410	1
1411	1
1412	0
1413	0
1414	1
1415	1
1416	1
1417	1
1418	1
1419	1
1420	1
1421	1
1422	1
1423	1
1424	1
1425	1
1426	0
1427	1
1428	1
1429	1
1430	1
1431	1
1432	1
1433	1
1434	1
1435	1
1436	1
1437	1
1438	1
1439	1
1440	1
1441	1
1442	1
1443	1
1444	1
1445	1
1446	1
1447	1
1448	1
1449	1
1450	1
1451	1
1452	1
1453	1
1454	1
1455	0
1456	0
1457	0
1458	1
1459	1
1460	1
1461	1
1462	1
1463	1
1464	1
1465	1
1466	1
1467	1
1468	1
1469	1
1470	1
1471	1
1472	1
1473	1
1474	1
1475	1
1476	1
1477	1
1478	1
1479	1
1480	1
1481	1
1482	0
1483	1
1484	1
1485	1
1486	1
1487	1
1488	1
1489	1
1490	1
1491	1
1492	1
1493	1
1494	2
1495	1
1496	1
1497	1
1498	1
1499	1
1500	1
1501	1
1502	1
1503	1
1504	1
1505	0
1506	0
1507	0
1508	0
1509	1
1510	1
1511	1
1512	2
1513	2
1514	1
1515	1
1516	1
1517	1
1518	1
1519	1
1520	1
1521	1
1522	1
1523	1
1524	0
1525	0
1526	0
1527	0
1528	1
1529	1
1530	1
1531	1
1532	1
1533	0
1534	0
1535	0
1536	0
1537	0
1538	1
1539	1
1540	1
1541	1
1542	1
1543	1
1544	1
1545	1
1546	1
1547	1
1548	0
1549	0
1550	0
1551	0
1552	0
1553	0
1554	1
1555	1
1556	1
1557	1
1558	1
1559	1
1560	1
1561	2
1562	2
1563	2
1564	1
1565	1
1566	1
1567	1
1568	1
1569	1
1570	1
1571	1
1572	1
1573	1
1574	1
1575	1
1576	1
1577	1
1578	1
1579	1
1580	1
1581	0
1582	0
1583	0
1584	0
1585	0
1586	0
1587	0
1588	0
1589	1
1590	1
1591	1
1592	1
1593	1
1594	1
1595	1
1596	1
1597	1
1598	1
1599	1
1600	1
1601	1
1602	1
1603	2
1604	2
1605	1
1606	1
1607	1
1608	1
1609	0
1610	1
1611	1
1612	1
1613	1
1614	1
1615	1
1616	1
1617	1
1618	1
1619	2
1620	2
1621	1
1622	1
1623	1
1624	0
1625	0
1626	0
1627	0
1628	0
1629	0
1630	0
1631	0
1632	0
1633	0
1634	0
1635	0
1636	1
1637	1
1638	1
1639	1
1640	1
1641	0
1642	0
1643	0
1644	0
1645	1
1646	1
1647	2
1648	1
1649	1
1650	1
1651	1
1652	1
1653	1
1654	1
1655	1
1656	1
1657	1
1658	1
1659	1
1660	1
1661	1
1662	1
1663	1
1664	1
1665	1
1666	1
1667	1
1668	1
1669	1
1670	1
1671	1
1672	0
1673	0
1674	0
1675	0
1676	1
1677	1
1678	1
1679	1
1680	1
1681	1
1682	1
1683	0
1684	0
1685	0
1686	0
1687	0
1688	1
1689	1
1690	2
1691	1
1692	1
1693	1
1694	0
1695	0
1696	1
1697	1
1698	1
1699	1
1700	1
1701	1
1702	1
1703	1
1704	2
1705	1
1706	1
1707	0
1708	0
1709	0
1710	1
1711	1
1712	1
1713	1
1714	1
1715	0
1716	0
1717	1
1718	1
1719	1
1720	1
1721	1
1722	1
1723	1
1724	1
1725	1
1726	1
1727	0
1728	0
1729	0
1730	0
1731	1
1732	1
1733	1
1734	1
1735	1
1736	1
1737	1
1738	1
1739	1
1740	0
1741	0
1742	0
1743	0
1744	1
1745	1
1746	1
1747	1
1748	1
1749	1
1750	1
1751	1
1752	1
1753	1
1754	0
1755	0
1756	0
1757	0
1758	0
1759	1
1760	1
1761	1
1762	1
1763	1
1764	1
1765	1
1766	1
1767	1
1768	1
1769	0
1770	0
1771	0
1772	0
1773	1
1774	1
1775	1
1776	1
1777	1
1778	1
1779	1
1780	1
1781	1
1782	1
1783	1
1784	2
1785	1
1786	1
1787	1
1788	1
1789	1
1790	1
1791	1
1792	1
1793	1
1794	1
1795	1
1796	1
1797	1
1798	1
1799	1
1800	1
1801	0
1802	0
1803	0
1804	0
1805	0
1806	1
1807	1
1808	1
1809	1
1810	1
1811	1
1812	1
1813	1
1814	1
1815	1
1816	1
1817	1
1818	1
1819	0
1820	0
1821	0
1822	0
1823	0
1824	0
1825	1
1826	1
1827	1
1828	1
1829	1
1830	0
1831	0
1832	0
1833	0
1834	0
1835	0
1836	1
1837	1
1838	1
1839	1
1840	1
1841	0
1842	0
1843	1
1844	1
1845	1
1846	1
1847	1
1848	1
1849	0
1850	1
1851	1
1852	1
1853	1
1854	1
1855	0
1856	0
1857	0
1858	0
1859	0
1860	0
1861	0
1862	0
1863	0
1864	0
1865	1
1866	0
1867	1
1868	1
1869	1
1870	1
1871	2
1872	2
1873	2
1874	2
1875	1
1876	1
1877	0
1878	0
1879	0
1880	1
1881	1
1882	2
1883	2
1884	2
1885	1
1886	1
1887	1
1888	1
1889	1
1890	1
1891	1
1892	2
1893	2
1894	2
1895	2
1896	1
1897	0
1898	0
1899	0
1900	1
1901	1
1902	1
1903	1
1904	1
1905	1
1906	1
1907	1
1908	1
1909	0
1910	0
1911	0
1912	0
1913	0
1914	0
1915	0
1916	0
1917	0
1918	0
1919	1
1920	1
1921	1
1922	1
1923	1
1924	0
1925	1
1926	1
1927	1
1928	1
1929	1
1930	1
1931	1
1932	0
1933	0
1934	1
1935	0
1936	0
1937	0
1938	1
1939	0
1940	1
1941	1
1942	1
1943	1
1944	2
1945	2
1946	2
1947	1
1948	1
1949	1
1950	1
1951	1
1952	1
1953	1
1954	1
1955	1
1956	1
1957	1
1958	1
1959	0
1960	1
1961	1
1962	1
1963	1
1964	1
1965	1
1966	1
1967	1
1968	1
1969	1
1970	1
1971	1
1972	0
1973	1
1974	1
1975	0
1976	0
1977	1
1978	1
1979	1
1980	1
1981	1
1982	1
1983	1
1984	1
1985	0
1986	0
1987	0
1988	1
1989	1
1990	1
1991	1
1992	1
1993	0
1994	1
1995	0
1996	1
1997	1
1998	1
1999	1
2000	1
2001	1
2002	1
2003	1
2004	1
2005	1
2006	1
2007	1
2008	1
2009	1
2010	0
2011	0
2012	0
2013	0
2014	0
2015	1
2016	1
2017	1
2018	1
2019	0
2020	0
2021	0
2022	1
2023	1
2024	1
2025	1
2026	1
2027	1
2028	1
2029	1
2030	1
2031	1
2032	0
2033	0
2034	0
2035	1
2036	1
2037	1
2038	1
2039	1
2040	1
2041	1
2042	1
2043	1
2044	0
2045	0
2046	0
2047	35
