 Temperatur-259,341
-259,350
31,028
31,028
31,806
31,028
31,028
31,028
31,806
31,028
31,028
31,806
31,028
31,028
31,028
31,028
31,028
31,028
31,028
31,028
31,028
31,028
31,028
31,028
31,028
31,028
31,028
31,028
31,028
31,028
31,028
31,028
31,028
31,806
31,028
31,806
31,028
31,028
31,028
31,028
31,028
31,806
31,028
31,028
31,028
31,028
31,028
31,028
31,028
31,028
31,028
31,028
31,028
31,028
31,028
31,028
31,028
31,028
31,028
31,028
31,028
31,028
31,028
31,028
31,028
31,028
31,028
31,028
31,028
31,028
31,806
31,806
31,028
31,028
31,028
31,028
31,028
31,028
31,028
31,028
31,028
31,028
31,028
31,806
31,028
31,028
31,028
31,028
31,028
31,028
31,028
31,028
31,028
31,028
31,806
31,806
31,028
31,028
31,028
31,028
-259,363
-259,352
31,806
31,806
31,806
31,806
31,806
31,806
31,806
32,324
31,806
31,806
31,806
31,806
31,806
32,324
31,806
31,806
31,806
32,324
31,806
32,324
31,806
31,806
32,324
31,806
31,806
31,806
31,806
31,806
31,806
31,806
31,806
32,324
31,806
32,324
31,806
32,324
31,806
31,806
31,806
32,324
31,806
32,324
32,324
31,806
31,806
32,324
31,806
31,806
31,806
31,806
32,324
31,806
31,806
32,324
32,324
31,806
31,806
32,324
31,806
32,324
31,806
31,806
31,806
32,324
31,806
32,324
31,806
31,806
32,324
31,806
31,806
32,324
31,806
32,324
31,806
32,324
32,324
31,806
31,806
32,324
31,806
31,806
31,806
31,806
31,806
32,324
32,324
32,324
31,806
32,324
31,806
31,806
31,806
31,806
31,806
32,324
31,806
32,324
-259,363
-259,351
33,102
33,102
33,102
32,324
33,102
33,102
33,102
33,102
33,102
33,102
33,102
33,102
33,102
33,102
33,102
33,102
33,102
33,102
33,102
33,102
33,102
33,102
33,102
33,102
33,102
33,102
33,102
33,102
33,102
33,102
32,324
33,102
32,324
33,102
33,102
33,102
33,102
33,102
33,102
33,102
33,102
33,102
33,102
33,102
33,102
33,102
33,102
33,102
33,102
33,102
33,102
33,102
33,102
33,102
33,102
33,102
33,102
33,102
33,102
33,102
33,102
33,102
33,102
32,324
32,324
33,102
33,102
33,102
33,102
33,102
33,102
33,102
33,102
33,102
33,102
33,102
33,102
33,102
33,102
32,324
33,102
33,102
33,102
33,102
33,102
33,102
33,102
33,102
33,102
33,102
33,102
33,102
33,102
33,102
32,324
33,102
33,102
33,102
-259,363
-259,351
34,398
33,621
33,621
34,398
33,621
33,621
34,398
33,621
33,621
34,398
34,398
33,621
33,621
34,398
33,621
34,398
34,398
34,398
33,621
34,398
34,398
34,398
34,398
33,621
34,398
33,621
33,621
33,621
33,621
34,398
34,398
33,621
34,398
33,621
33,621
34,398
34,398
33,621
33,621
34,398
33,621
34,398
33,621
33,621
33,621
33,621
34,398
34,398
33,621
34,398
33,621
34,398
33,621
33,621
33,621
34,398
33,621
33,621
34,398
33,621
34,398
34,398
33,621
33,621
33,621
34,398
33,621
33,621
34,398
33,621
33,621
33,621
33,621
33,621
33,621
33,621
33,621
33,621
34,398
34,398
33,621
34,398
33,621
34,398
33,621
34,398
33,621
33,621
33,621
34,398
34,398
34,398
33,621
33,621
34,398
34,398
33,621
33,621
-259,352
-259,363
34,917
34,917
34,917
34,917
34,917
34,917
34,917
34,917
34,917
35,695
34,917
34,917
34,917
34,917
34,917
34,917
34,917
34,917
34,917
34,917
34,917
34,917
34,917
34,917
34,917
34,917
34,917
34,917
34,917
34,917
34,917
34,917
34,917
34,917
34,917
34,917
34,917
34,917
34,917
34,917
34,917
34,917
34,917
34,917
34,917
34,917
34,917
34,917
34,917
34,917
34,917
34,917
34,917
34,917
34,917
34,917
34,917
34,917
34,917
34,917
34,917
34,917
34,917
34,917
34,917
34,917
34,917
34,917
34,917
34,917
34,917
34,917
34,917
34,917
34,917
34,917
34,917
34,917
34,917
34,917
34,917
34,917
35,695
34,917
34,917
34,917
34,917
34,917
34,917
34,917
34,917
34,917
34,917
34,917
34,917
34,917
35,695
34,917
-259,363
-259,350
36,213
36,213
36,213
36,213
36,213
36,213
36,213
36,213
36,213
36,213
36,213
36,213
36,213
36,213
36,213
36,213
36,213
36,213
36,213
36,213
36,213
36,213
36,213
36,213
36,213
36,213
36,213
36,213
36,213
36,213
36,213
36,213
36,213
36,213
36,213
36,213
36,213
36,213
36,213
36,213
36,213
36,213
36,213
36,213
36,213
36,213
36,213
36,213
36,213
36,213
36,213
36,213
36,991
36,213
36,213
36,213
36,213
36,213
36,213
36,213
36,213
36,213
36,213
36,213
36,213
36,213
36,213
36,213
36,213
36,213
36,213
36,213
36,213
36,213
36,213
36,213
36,213
36,991
36,213
36,213
36,213
36,213
36,213
36,213
36,213
36,213
36,213
36,213
36,213
36,213
36,213
36,213
36,213
36,213
36,213
36,213
36,213
36,213
-259,352
-259,363
37,510
37,510
37,510
37,510
37,510
37,510
37,510
37,510
37,510
37,510
37,510
37,510
37,510
37,510
37,510
37,510
37,510
37,510
37,510
37,510
37,510
37,510
37,510
37,510
37,510
37,510
37,510
37,510
37,510
37,510
37,510
37,510
37,510
37,510
37,510
37,510
37,510
37,510
37,510
37,510
37,510
37,510
37,510
37,510
37,510
37,510
37,510
37,510
37,510
37,510
37,510
37,510
37,510
37,510
37,510
37,510
37,510
37,510
37,510
37,510
37,510
37,510
37,510
37,510
37,510
37,510
37,510
37,510
37,510
37,510
37,510
37,510
37,510
37,510
37,510
37,510
37,510
37,510
37,510
37,510
37,510
37,510
37,510
37,510
37,510
37,510
37,510
37,510
37,510
37,510
37,510
37,510
38,287
37,510
37,510
37,510
37,510
37,510
-259,363
-259,351
38,806
38,806
38,806
38,806
38,806
38,806
38,806
38,806
39,584
38,806
38,806
38,806
38,806
38,806
38,806
39,584
38,806
38,806
38,806
39,584
38,806
38,806
38,806
38,806
38,806
38,806
39,584
39,584
38,806
39,584
38,806
38,806
38,806
38,806
38,806
38,806
38,806
38,806
38,806
38,806
39,584
38,806
38,806
38,806
38,806
38,806
39,584
38,806
38,806
38,806
39,584
38,806
38,806
38,806
38,806
38,806
38,806
38,806
38,806
38,806
38,806
38,806
38,806
38,806
39,584
38,806
38,806
38,806
38,806
39,584
39,584
38,806
38,806
39,584
39,584
39,584
38,806
39,584
38,806
38,806
38,806
38,806
38,806
38,806
38,806
38,806
38,806
39,584
38,806
38,806
38,806
38,806
38,806
38,806
38,806
38,806
38,806
39,584
-259,363
-259,351
41,399
41,399
41,399
41,399
41,399
41,399
41,399
41,399
41,399
41,399
41,399
41,399
41,399
41,399
40,880
41,399
41,399
40,880
41,399
41,399
41,399
41,399
41,399
41,399
41,399
41,399
41,399
40,880
41,399
41,399
41,399
41,399
41,399
41,399
41,399
41,399
41,399
41,399
41,399
41,399
41,399
41,399
41,399
41,399
41,399
41,399
41,399
41,399
41,399
41,399
41,399
41,399
41,399
41,399
41,399
40,880
41,399
41,399
41,399
41,399
41,399
41,399
41,399
41,399
41,399
41,399
41,399
41,399
41,399
41,399
41,399
41,399
41,399
41,399
41,399
41,399
41,399
40,880
41,399
41,399
41,399
41,399
41,399
40,880
41,399
41,399
41,399
41,399
41,399
41,399
41,399
41,399
41,399
41,399
41,399
41,399
41,399
41,399
-259,350
-259,363
49,955
49,955
49,955
49,955
49,955
49,955
49,955
49,955
49,955
49,955
49,955
49,955
49,955
49,955
49,955
49,955
49,955
49,955
49,955
49,955
49,955
49,955
49,955
49,955
49,955
49,955
49,955
49,955
49,955
49,955
49,955
49,955
49,955
49,955
49,955
49,177
49,955
49,955
49,955
49,955
49,955
49,955
49,955
49,955
49,955
49,177
49,955
49,955
49,955
49,955
49,955
49,955
49,955
49,955
49,955
49,955
49,955
49,955
49,955
49,955
49,955
49,955
49,955
49,955
49,955
49,955
49,955
49,955
49,955
49,177
49,955
49,955
49,955
49,955
49,955
49,955
49,955
49,955
49,955
49,955
49,955
49,955
49,955
49,955
49,177
49,955
49,955
49,955
49,955
49,955
49,955
49,955
49,955
49,955
49,955
49,955
49,955
49,955
-259,351
-259,363
51,251
51,251
51,251
51,251
51,251
51,251
51,251
51,251
51,251
51,251
51,251
51,251
51,251
51,251
51,251
51,251
51,251
51,251
51,251
51,251
51,251
51,251
51,251
51,251
51,251
51,251
51,251
51,251
51,251
51,251
51,251
51,251
51,251
51,251
51,251
51,251
51,251
51,251
51,251
51,251
51,251
51,251
51,251
51,251
51,251
51,251
51,251
51,251
51,251
51,251
51,251
51,251
51,251
50,473
51,251
51,251
51,251
51,251
51,251
51,251
51,251
51,251
51,251
51,251
51,251
51,251
51,251
51,251
51,251
51,251
51,251
51,251
51,251
51,251
51,251
51,251
51,251
51,251
51,251
51,251
51,251
51,251
51,251
51,251
51,251
51,251
51,251
51,251
51,251
51,251
51,251
51,251
51,251
51,251
51,251
51,251
51,251
51,251
