-0.2 -0.432858 178169
-0.19 -0.440913 173624
-0.18 -0.448406 168673
-0.17 -0.456712 163345
-0.16 -0.465025 157834
-0.15 -0.4737 151613
-0.14 -0.483543 145588
-0.13 -0.492651 139300
-0.12 -0.502987 131997
-0.11 -0.513885 123896
-0.1 -0.526019 115105
-0.09 -0.538203 106492
-0.08 -0.552016 96880
-0.07 -0.569417 86238.9
-0.06 -0.589822 74155.4
-0.05 -0.613172 61772.7
-0.04 -0.641461 49344.1
-0.03 -0.684009 34965.6
-0.02 -0.741978 21147.2
-0.01 -0.87387 6158.23
3.1225e-17 -1.315 2.73001e-26
0.01 -0.877958 6096.18
0.02 -0.74412 21110.2
0.03 -0.684989 34801.9
0.04 -0.645361 49245.1
0.05 -0.616429 61576.4
0.06 -0.592979 74313
0.07 -0.571389 85856.9
0.08 -0.556039 96726.9
0.09 -0.5413 106102
0.1 -0.529213 115154
0.11 -0.517712 123753
0.12 -0.506244 131768
0.13 -0.496312 139172
0.14 -0.487322 145786
0.15 -0.478132 151795
0.16 -0.468934 157701
0.17 -0.460639 163593
0.18 -0.45239 168909
0.19 -0.444705 173773
0.2 -0.437479 178470
