-40 -0.448923 162140
-38 -0.458894 154021
-36 -0.460632 156776
-34 -0.471154 147929
-32 -0.473557 149945
-30 -0.484718 140294
-28 -0.487657 141664
-26 -0.500165 131006
-24 -0.50395 131609
-22 -0.518228 119357
-20 -0.522791 118659
-18 -0.540134 104786
-16 -0.54657 102501
-14 -0.568433 86481.2
-12 -0.578036 82449.5
-10 -0.610126 63561.7
-8 -0.62553 57467.5
-6 -0.682469 36300.9
-4 -0.710934 28954.5
-2 -0.912697 6989.02
0 -1.315 0
2 -0.911159 7238.63
4 -0.707925 28954.5
6 -0.684699 35754.6
8 -0.621533 57467.5
10 -0.612637 62259.8
12 -0.573574 82449.5
14 -0.571777 83870.5
16 -0.541792 102501
18 -0.544208 101405
20 -0.517638 118659
22 -0.522329 115513
24 -0.498249 131609
26 -0.503845 126574
28 -0.481494 141664
30 -0.488389 135509
32 -0.467165 149945
34 -0.474922 142755
36 -0.45415 156776
38 -0.462749 148470
40 -0.442349 162140
