-36.7627 -0.191575 879440
-34.7627 -0.205692 877935
-32.7627 -0.220584 876299
-30.7627 -0.236222 874538
-28.7627 -0.252836 872678
-26.7627 -0.270361 870687
-24.7627 -0.288897 868540
-22.7627 -0.30833 866219
-20.7627 -0.328663 863738
-18.7627 -0.349949 861109
-16.7627 -0.372324 858370
-14.7627 -0.395668 855660
-12.7627 -0.419601 853090
-10.7627 -0.444339 850741
-8.7627 -0.469744 848722
-6.7627 -0.497249 846962
-4.7627 -0.528027 845368
-2.7627 -0.563183 844379
-0.7627 -0.60166 844044
1.2373 -0.646888 844343
3.2373 -0.692933 844348
5.2373 -0.673956 842143
7.2373 -0.629676 838788
9.2373 -0.592042 835987
11.2373 -0.558379 833862
13.2373 -0.527367 832690
15.2373 -0.499258 832280
17.2373 -0.472626 832372
19.2373 -0.446261 832994
21.2373 -0.420596 833906
23.2373 -0.395501 834935
25.2373 -0.370482 836068
27.2373 -0.346272 837252
29.2373 -0.323147 838490
31.2373 -0.300905 839806
33.2373 -0.279615 841171
35.2373 -0.259385 842573
37.2373 -0.240442 843984
39.2373 -0.222403 845395
41.2373 -0.205035 846859
43.2373 -0.188537 848416
