-0.1951 -0.497764 893779
-0.1851 -0.50269 889744
-0.1751 -0.507978 885611
-0.1651 -0.5132 881663
-0.1551 -0.518848 878029
-0.1451 -0.525076 874251
-0.1351 -0.530872 870642
-0.1251 -0.537444 867329
-0.1151 -0.544443 863938
-0.1051 -0.551414 860836
-0.0950999 -0.55893 858113
-0.0850999 -0.566603 855740
-0.0750999 -0.574388 853607
-0.0650999 -0.581255 852067
-0.0550999 -0.590953 850701
-0.0450999 -0.604215 849587
-0.0350999 -0.616094 848662
-0.0250999 -0.632086 847709
-0.0150999 -0.656771 847252
-0.00509994 -0.670031 847963
0.00490006 -0.692933 844348
0.0149001 -0.689448 844475
0.0249001 -0.671278 842269
0.0349001 -0.646558 839863
0.0449001 -0.618379 836470
0.0549001 -0.591891 833228
0.0649001 -0.567163 830612
0.0749001 -0.547702 827391
0.0849001 -0.530791 823922
0.0949001 -0.515697 820156
0.1049 -0.502091 816671
0.1149 -0.489527 813505
0.1249 -0.478321 810486
0.1349 -0.467585 807343
0.1449 -0.457553 804677
0.1549 -0.447215 802253
0.1649 -0.43792 799881
0.1749 -0.428737 797490
0.1849 -0.419877 795186
0.1949 -0.411827 792879
0.2049 -0.403584 790523
