3.241481105101794356e+02 3.054230424747666461e+02
3.109199593509937358e+02 2.414869785387027150e+02
2.734401977333011473e+02 1.246383099658962692e+02
3.208410727203830675e+02 4.266810947673017154e+02
3.021011919115367164e+02 5.027429639326191477e+02
1.312375727720555005e+02 2.040072169210101265e+02
4.084520651762034049e+01 1.577086878638602911e+02
1.929689448482552052e+02 4.476256674360122929e+02
4.068240552550896609e+02 5.358133418305832265e+02
3.958005959557682445e+02 4.851054290537049383e+02
3.935959040959040749e+02 3.517215715319164246e+02
4.046193633952253776e+02 3.054230424747666461e+02
4.465085087326465327e+02 2.040072169210101265e+02
3.935959040959040749e+02 4.024294843087947129e+02
4.729648110510178185e+02 4.123505976781839308e+02
5.115469185986426055e+02 3.958154087292018630e+02
5.005234592993213028e+02 3.671544145509662940e+02
5.369008749870818065e+02 3.054230424747666461e+02
5.523337180061316758e+02 6.731632160942513110e+01
5.809947121843672448e+02 1.907790657618244268e+02
6.272932412415170802e+02 2.359752488890420636e+02
6.625683109993453854e+02 2.370775948189741484e+02
5.490266802163353077e+02 4.895148127734335048e+02
3.671396017775327891e+02 7.944212683867863234e+01
4.597366598918322325e+02 8.385151055840719891e+01
5.446172964966067411e+02 1.532993041441318383e+02
4.553272761721036659e+02 3.506192256019842830e+02
6.206791656619241166e+02 3.010136587550381364e+02
6.317026249612454194e+02 4.277834406972338570e+02
6.107580522925350124e+02 4.432162837162837263e+02
6.515448517000240827e+02 5.159711150918047906e+02
1.665126425298839195e+02 3.032183506149023628e+02
6.460331220503633176e+02 1.466852285645389884e+02
5.688689069551137436e+02 3.484145337421199997e+02
7.298114127252056278e+02 3.880989872196769284e+02
7.661888284129661315e+02 3.715637982706948605e+02
4.828859244204070365e+02 1.610157256536567729e+02
5.391055668469460898e+02 2.481010541182955649e+02
5.909158255537564628e+02 2.271564814495849305e+02
5.126492645285748040e+02 8.891987323021908196e+00
2.425745116952012950e+02 4.637174894071449671e+01
7.981568603809980686e+02 2.888878535257845783e+02
7.320161045850700248e+02 5.446321092700403597e+02
5.082398808088462374e+02 2.569198215577526412e+02
5.148539563884390873e+02 2.690456267870061424e+02
4.354850494333252300e+02 4.806960453339763717e+02
4.718624651210857337e+02 5.743954493782080135e+02
5.964275552034171142e+02 5.402227255503117931e+02
4.194755244755248214e+01 5.821118708877329482e+02
4.542249302421715811e+02 3.969177546591340047e+02
