3.197387267904508690e+02 3.274699610734093653e+02
4.145404767646145956e+02 3.241629232836129972e+02
1.102930001033449798e+02 4.343975162768266500e+02
2.701331599435047792e+02 5.964423679768507327e+02
4.079264011850217457e+02 5.325063040407868584e+02
4.145404767646145956e+02 4.410115918564194999e+02
4.487132005925108160e+02 4.156576354679803558e+02
4.872953081401356030e+02 4.299881325570980835e+02
5.060351889489819541e+02 4.134529436081160725e+02
5.644595232353851770e+02 4.983335802128905812e+02
5.589477935857245257e+02 5.534508767094973791e+02
6.328049708911776179e+02 4.266810947673017154e+02
6.394190464707705814e+02 4.553420889455372276e+02
6.559542354197524219e+02 5.071523476523476575e+02
7.739052499224910662e+02 4.751843156843157203e+02
7.353231423748663929e+02 4.366022081366909333e+02
5.049328430190498693e+02 3.594379930414413593e+02
3.770607151469220071e+02 4.299881325570980835e+02
6.162697819421955501e+02 3.142418099142237224e+02
5.545384098659959591e+02 3.164465017740880057e+02
5.424126046367424578e+02 2.624315512074133494e+02
4.972164215095248210e+02 2.249517895897206472e+02
4.762718488408143003e+02 2.062119087808742961e+02
3.825724447965826585e+02 1.047960832271177196e+02
2.833613111026903653e+02 1.753462227427745574e+02
3.660372558476005906e+02 2.150306762203314292e+02
3.506044128285507213e+02 2.469987081883634232e+02
5.545384098659959591e+02 1.246383099658962692e+02
6.283955871714490513e+02 1.643227634434531410e+02
7.320161045850700248e+02 1.709368390230459909e+02
7.849287092218125963e+02 1.962907954114850781e+02
7.375278342347305625e+02 2.304635192393813554e+02
6.173721278721277486e+02 2.591245134176169245e+02
4.134381308346825108e+02 2.679432808570740008e+02
4.068240552550896609e+02 2.337705570291777804e+02
5.655618691653173755e+02 4.079412139584553643e+02
1.169070756829377160e+02 3.329816907230700735e+02
2.701331599435047792e+02 2.646362430672775758e+02
4.443038168727823631e+02 2.756597023665989354e+02
5.291844534775568718e+02 5.005382720727548644e+02
9.557923283612935847e+02 4.002247924489304296e+02
3.969029418857004430e+02 1.786532605325709255e+02
3.054082297013330844e+02 4.762866616142478620e+02
2.117088256571014426e+02 2.040072169210101265e+02
3.737536773571255253e+02 2.701479727169382841e+02
5.137516104585068888e+02 1.268430018257605525e+02
3.517067587584828061e+02 4.939241964931620714e+02
5.589477935857245257e+02 3.616426849013056426e+02
8.510694650177406402e+02 3.032183506149023628e+02
