1.367493024217162656e+02 2.756597023665989354e+02
2.690308140135725807e+02 3.836896034999483618e+02
3.329668779496365687e+02 3.605403389713735010e+02
3.616278721278720241e+02 3.506192256019842830e+02
4.167451686244788789e+02 3.594379930414413593e+02
4.332803575734609467e+02 3.087300802645630711e+02
3.384786075992972201e+02 2.999113128251059948e+02
4.398944331530537966e+02 2.712503186468704257e+02
4.222568982741395303e+02 2.558174756278204995e+02
3.186363808605187842e+02 1.411734989148782233e+02
2.469838954149298615e+02 2.172353680801957125e+02
4.156428226945467941e+02 1.003866995073892667e+02
4.850906162802713197e+02 1.874720279720280587e+02
5.589477935857245257e+02 1.235359640359640707e+02
2.657237762237762126e+02 8.936324020806785029e+01
4.817835784904749516e+02 2.690456267870061424e+02
5.346961831272175232e+02 2.635338971373454342e+02
5.181609941782354554e+02 3.528239174618485094e+02
5.159563023183711721e+02 4.002247924489304296e+02
5.225703778979640219e+02 4.806960453339763717e+02
5.391055668469460898e+02 5.435297633401081612e+02
4.641460436115607990e+02 4.608538185951979358e+02
4.487132005925108160e+02 6.195916325054256504e+02
3.958005959557682445e+02 4.795936994040442869e+02
3.627302180578042226e+02 5.468368011299046429e+02
3.131246512108580191e+02 4.310904784870302251e+02
2.789519273829617987e+02 5.291992662509903766e+02
2.260393227462192272e+02 4.299881325570980835e+02
4.222568982741395303e+02 3.947130627992697214e+02
3.605255261979399393e+02 1.841649901822315769e+02
4.894999999999998863e+02 1.466852285645389884e+02
1.290328809121912172e+02 3.792802197802197952e+02
2.447792035550655783e+02 3.594379930414413593e+02
2.524956250645905129e+02 2.899901994557167200e+02
3.638325639877363074e+02 5.959990009990019644e+01
4.939093837197284529e+02 3.645063557132527876e+01
4.101310930448860290e+02 2.392822866788384317e+02
3.759583692169898086e+02 3.903036790795412116e+02
5.517570360673812502e+01 5.038453098625512894e+02
5.203656860380997387e+02 3.153441558441558641e+02
5.225703778979640219e+02 4.806960453339763717e+02
4.685554273312893656e+02 4.024294843087947129e+02
1.180094216128699145e+02 1.643227634434531410e+02
3.528091046884150046e+02 4.068388680285232226e+02
3.483997209686864380e+02 5.005382720727548644e+02
2.249369768162871424e+02 3.755298150125747725e+01
4.795788866306106684e+02 3.120371180543594960e+02
