3.753816872782391556e+01 2.833761238761239269e+02
9.816719487409147860e+01 2.844784698060560686e+02
3.065105756312652829e+02 2.943995831754452865e+02
4.123357849047503123e+02 3.010136587550381364e+02
6.151674360122635790e+02 2.999113128251059948e+02
5.534360639360638743e+02 2.999113128251059948e+02
6.173721278721277486e+02 4.057365220985910810e+02
6.195768197319919182e+02 4.299881325570980835e+02
7.948498225912017006e+02 5.060500017224155727e+02
7.397325260945949594e+02 4.465233215060801513e+02
9.756345551000720207e+02 1.687321471631817076e+02
5.666642150952494603e+02 8.164681869854291563e+01
4.795788866306106684e+02 7.393039718901798096e+01
5.556407557959280439e+02 2.525104378380240746e+02
4.376897412931895133e+02 1.929837576216887101e+02
3.671396017775327891e+02 2.425893244686348567e+02
3.726513314271934405e+02 3.314359778152891067e+01
4.002099796754968111e+02 4.895148127734335048e+02
4.101310930448860290e+02 4.332951703468945084e+02
4.994211133693891043e+02 3.903036790795412116e+02
5.435149505666745426e+02 3.539262633917806511e+02
5.600501395156566105e+02 3.406981122325950082e+02
3.726513314271934405e+02 4.068388680285232226e+02
2.712355058734368640e+02 3.605403389713735010e+02
3.054082297013330844e+02 4.377045540666230750e+02
2.304487064659477937e+02 4.134529436081160725e+02
4.817835784904749516e+02 1.797556064625030103e+02
4.817835784904749516e+02 5.633719900788867108e+02
5.501290261462673925e+02 4.652632023149265024e+02
5.655618691653173755e+02 5.016406180026870061e+02
4.531225843122393826e+02 2.315658651693134971e+02
3.384786075992972201e+02 3.958154087292018630e+02
5.721759447449101117e+02 1.257406558958283540e+02
4.068240552550896609e+02 2.392822866788384317e+02
4.194755244755248214e+01 1.687321471631817076e+02
2.761705535843469761e+01 4.784913534741120884e+02
2.767472355230975154e+02 5.336086499707189432e+02
6.680800406490059231e+02 5.849755416996799795e+01
4.994211133693891043e+02 2.547151296978883579e+02
7.254020290054770612e+02 3.660520686210341523e+02
7.606770987633055938e+02 3.892013331496090700e+02
2.194252471666264910e+02 1.345594233352854872e+02
2.932824244720795832e+02 1.025913913672534363e+02
7.496536394639840637e+02 1.444805367046747051e+02
5.225703778979640219e+02 7.944212683867863234e+01
4.608390058217643173e+02 1.488899204244032717e+02
6.471354679802955161e+02 5.600649522890902290e+02
6.118603982224669835e+02 3.528239174618485094e+02
1.731267181094767693e+02 5.810095249578008634e+02
3.230457645802472371e+02 1.852673361121637754e+02
