1.433633780013090018e+02 3.186511936339522890e+02
2.491885872747941448e+02 3.164465017740880057e+02
3.362739157394329368e+02 3.164465017740880057e+02
4.321780116435288619e+02 3.175488477040201474e+02
5.225703778979640219e+02 3.098324261944952127e+02
6.074510145027385306e+02 3.076277343346309294e+02
6.724894243687344897e+02 3.021160046849702212e+02
7.518583313238484607e+02 2.988089668951738531e+02
4.839882703503392349e+02 5.876236005373937132e+02
4.817835784904749516e+02 4.641608563849943607e+02
4.817835784904749516e+02 3.693591064108305773e+02
4.773741947707463851e+02 2.668409349271418591e+02
4.718624651210857337e+02 1.874720279720280587e+02
7.342207964449341944e+02 4.306471115091812862e+01
5.865064418340278962e+02 2.007001791312136447e+02
5.302867994074889566e+02 2.569198215577526412e+02
3.285574942299080021e+02 4.520350511557408595e+02
3.362739157394329368e+02 3.814849116400840785e+02
3.671396017775327891e+02 3.671544145509662940e+02
5.446172964966067411e+02 2.800690860863275020e+02
4.354850494333252300e+02 2.789667401563953604e+02
4.178475145544110774e+02 2.624315512074133494e+02
3.009988459816045179e+02 1.632204175135210562e+02
6.184744738020599470e+02 4.332951703468945084e+02
6.449307761204311191e+02 5.214828447414654420e+02
5.876087877639600947e+02 3.572333011815770760e+02
5.402079127768781746e+02 1.114101588067105695e+02
5.269797616176925885e+02 3.980201005890661463e+02
7.540630231837126303e+02 3.803825657101519369e+02
5.468219883564710244e+02 4.829007371938406550e+02
5.699712528850458284e+02 5.402227255503117931e+02
6.802058458782594244e+02 2.392822866788384317e+02
4.178475145544110774e+02 4.939241964931620714e+02
3.913912122360397916e+02 1.092054669468462862e+02
5.909158255537564628e+02 4.068388680285232226e+02
2.061970960074407913e+02 5.622696441489545123e+02
8.609905783871299718e+02 6.328197836646112364e+02
6.757964621585310852e+02 3.616426849013056426e+02
3.913912122360397916e+02 5.600649522890902290e+02
6.493401598401596857e+02 4.416705708085021342e+01
6.868199214578523879e+02 4.266810947673017154e+02
3.461950291088221547e+02 2.018025250611458432e+02
4.310756657135966634e+02 4.035318302387268545e+02
2.734401977333011473e+02 2.712503186468704257e+02
3.076129215611973677e+02 5.556555685693616624e+02
3.847771366564469417e+02 4.013271383788625712e+02
