1.356469564917840671e+02 2.778643942264632187e+02
2.513932791346584281e+02 1.819602983223672936e+02
2.943847704020117817e+02 1.224336181060319859e+02
3.958005959557682445e+02 6.400928381962864933e+01
3.693442936373970724e+02 1.940861035516207949e+02
3.572184884081435712e+02 2.370775948189741484e+02
3.340692238795686535e+02 2.921948913155810033e+02
3.307621860897722854e+02 3.572333011815770760e+02
3.605255261979399393e+02 3.473121878121878581e+02
2.491885872747941448e+02 3.561309552516449344e+02
3.561161424782113727e+02 3.991224465189982880e+02
3.781630610768540919e+02 3.814849116400840785e+02
4.178475145544110774e+02 3.462098418822557164e+02
4.277686279238002953e+02 2.977066209652417115e+02
4.266662819938680968e+02 2.525104378380240746e+02
3.032035378414688012e+02 5.137664232319405073e+02
3.825724447965826585e+02 5.247898825312618101e+02
4.068240552550896609e+02 4.641608563849943607e+02
4.740671569809500170e+02 4.465233215060801513e+02
4.762718488408143003e+02 4.112482517482517892e+02
4.707601191911535352e+02 5.545532226394295776e+02
4.707601191911535352e+02 5.115617313720762240e+02
5.446172964966067411e+02 4.288857866271659987e+02
5.313891453374210414e+02 4.630585104550622191e+02
5.798923662544350464e+02 3.969177546591340047e+02
5.192633401081675402e+02 3.418004581625271499e+02
5.236727238278961067e+02 2.999113128251059948e+02
6.702847325088703201e+02 2.977066209652417115e+02
7.452442557442554971e+02 2.955019291053774282e+02
8.014638981707944367e+02 5.986470598367150160e+02
5.876087877639600947e+02 2.481010541182955649e+02
6.890246133177165575e+02 2.315658651693134971e+02
6.151674360122635790e+02 2.359752488890420636e+02
5.523337180061316758e+02 8.164681869854291563e+01
4.762718488408143003e+02 1.114101588067105695e+02
4.762718488408143003e+02 1.918814116917566253e+02
4.795788866306106684e+02 2.580221674876847828e+02
4.244615901340038135e+02 1.984954872713493614e+02
6.372143546109061845e+02 1.488899204244032717e+02
3.241481105101794356e+02 4.255787488373695737e+02
6.085533604326706154e+02 4.211693651176410071e+02
5.302867994074889566e+02 2.029048709910779280e+02
7.761099417823554631e+02 2.007001791312136447e+02
6.372143546109061845e+02 4.476256674360122929e+02
6.669776947190739520e+02 3.594379930414413593e+02
5.291844534775568718e+02 3.517215715319164246e+02
5.688689069551137436e+02 4.762866616142478620e+02
6.063486685728063321e+02 2.999113128251059948e+02
5.765853284646386783e+02 2.095189465706707779e+02
5.247750697578283052e+02 2.547151296978883579e+02
