1.124976919632092631e+02 2.679432808570740008e+02
1.080883082434806965e+02 3.682567604808984356e+02
3.175340349305865857e+02 2.910925453856488616e+02
3.373762616693650216e+02 3.903036790795412116e+02
3.924935581659718764e+02 4.906171587033655896e+02
4.178475145544110774e+02 3.032183506149023628e+02
5.302867994074889566e+02 5.236875366013297253e+02
5.435149505666745426e+02 4.762866616142478620e+02
4.553272761721036659e+02 3.660520686210341523e+02
4.420991250129180798e+02 3.947130627992697214e+02
4.795788866306106684e+02 4.123505976781839308e+02
5.523337180061316758e+02 3.528239174618485094e+02
5.512313720761995910e+02 3.969177546591340047e+02
6.162697819421955501e+02 3.131394639842916376e+02
6.184744738020599470e+02 4.873101209135692216e+02
5.820970581142993296e+02 9.707966171759278495e+01
5.104445726687105207e+02 2.106212925006028627e+02
4.762718488408143003e+02 1.610157256536567729e+02
4.487132005925108160e+02 1.984954872713493614e+02
3.715489854972612420e+02 1.764485686727066422e+02
3.572184884081435712e+02 2.128259843604671460e+02
3.781630610768540919e+02 2.447940163284991399e+02
4.178475145544110774e+02 2.414869785387027150e+02
4.145404767646145956e+02 2.040072169210101265e+02
4.002099796754968111e+02 5.078113266044306329e+01
2.877706948224189318e+02 1.169218884563712209e+02
2.712355058734368640e+02 2.216447517999242791e+02
2.370627820455406436e+02 2.822737779461917853e+02
2.613143925040476461e+02 4.167599813979124406e+02
3.263528023700437188e+02 4.421139377863516415e+02
4.024146715353610944e+02 4.332951703468945084e+02
5.534360639360638743e+02 2.558174756278204995e+02
4.487132005925108160e+02 2.558174756278204995e+02
5.302867994074889566e+02 4.366022081366909333e+02
4.663507354714250823e+02 5.677813737986151637e+02
3.373762616693650216e+02 5.490414929897688125e+02
2.635190843639119294e+02 5.291992662509903766e+02
2.348580901856763603e+02 4.961288883530263547e+02
6.449307761204311191e+02 1.874720279720280587e+02
6.548518894898204508e+02 1.510946122842675550e+02
4.983187674394570195e+02 8.715854834820356700e+01
4.917046918598641696e+02 1.830626442522994921e+02
3.792654070067862904e+02 3.462098418822557164e+02
4.112334389748182275e+02 3.539262633917806511e+02
5.545384098659959591e+02 3.087300802645630711e+02
1.632056047400874377e+02 3.836896034999483618e+02
2.061970960074407913e+02 1.389688070550140537e+02
6.228838575217885136e+02 2.569198215577526412e+02
6.129627441523991820e+02 4.200670191877088655e+02
4.751695029108821018e+02 4.740819697543835787e+02
