3.197387267904508690e+02 2.921948913155810033e+02
3.131246512108580191e+02 2.326682110992456387e+02
3.219434186503151523e+02 3.484145337421199997e+02
3.109199593509937358e+02 4.101459058183196476e+02
3.054082297013330844e+02 4.366022081366909333e+02
1.598985669502910696e+02 3.649497226911020675e+02
1.742290640394088541e+02 1.995978332012815599e+02
1.587962210203589848e+02 2.734550105067347090e+02
3.913912122360397916e+02 3.406981122325950082e+02
4.035170174652932928e+02 3.495168796720521414e+02
4.487132005925108160e+02 3.903036790795412116e+02
5.049328430190498693e+02 4.443186296462158680e+02
5.346961831272175232e+02 4.840030831237727966e+02
3.869818285163112250e+02 4.740819697543835787e+02
3.935959040959040749e+02 5.181758069516690739e+02
5.391055668469460898e+02 3.032183506149023628e+02
5.655618691653173755e+02 3.991224465189982880e+02
6.206791656619241166e+02 4.321928244169623667e+02
6.306002790313134483e+02 5.126640773020083088e+02
7.639841365531019619e+02 4.696725860346550121e+02
6.482378139102274872e+02 3.594379930414413593e+02
5.798923662544350464e+02 3.715637982706948605e+02
6.206791656619241166e+02 3.076277343346309294e+02
6.328049708911776179e+02 2.403846326087705734e+02
5.765853284646386783e+02 2.514080919080919330e+02
5.413102587068103730e+02 2.458963622584312816e+02
5.137516104585068888e+02 1.984954872713493614e+02
5.490266802163353077e+02 2.139283302903993444e+02
5.732782906748423102e+02 5.849755416996799795e+01
4.376897412931895133e+02 2.117236384305350612e+02
4.531225843122393826e+02 2.525104378380240746e+02
4.740671569809500170e+02 1.786532605325709255e+02
4.762718488408143003e+02 7.393039718901798096e+01
3.858794825863790265e+02 1.863696820420958602e+02
3.759583692169898086e+02 5.519051638017162986e+01
2.491885872747941448e+02 6.687295463157624908e+00
5.556407557959280439e+02 1.477875744944710732e+02
4.277686279238002953e+02 6.290693788969656453e+01
4.564296221020358644e+02 5.622696441489545123e+02
5.016258052292533876e+02 5.104593854421440824e+02
4.244615901340038135e+02 4.729796238244514370e+02
4.068240552550896609e+02 2.977066209652417115e+02
2.943847704020117817e+02 1.433781907747425066e+02
2.871940128836683925e+01 1.103078128767784847e+02
4.079264011850217457e+02 1.345594233352854872e+02
4.994211133693891043e+02 2.326682110992456387e+02
4.531225843122393826e+02 1.995978332012815599e+02
2.932824244720795832e+02 4.840030831237727966e+02
2.535979709945227114e+02 5.865212546074615148e+02
6.912293051775809545e+02 1.709368390230459909e+02
