File 	Datum 	StartZeit 	SZA  	AMF  	ChiSquare 	Streulicht_midday_log	Streulicht_midday_log Error 	Ring Streulicht_midday	Ring Streulicht_midday Error 	result of convolution O3	result of convolution O3 Error 	result of convolution NO2	result of convolution NO2 Error 	result of convolution O4	result of convolution O4 Error 	
61821	4/23/2019 	09:13:51	45.6		0.0095694	-0.97539	0.0045645	-1.3794e+25	3.6374e+24	-2.2979e+18	1.6858e+17	-8.0628e+16	3.1155e+16	2.36e+44	5.9789e+43	
61822	4/23/2019 	09:14:49	45.5		0.0092525	-0.97608	0.0044918	-1.4075e+25	3.5808e+24	-2.235e+18	1.6578e+17	-7.7261e+16	3.0606e+16	2.2823e+44	5.8813e+43	
61823	4/23/2019 	09:15:46	45.3		0.0092009	-0.97663	0.0044781	-1.4106e+25	3.571e+24	-2.2757e+18	1.6504e+17	-7.7826e+16	3.0532e+16	2.2234e+44	5.8609e+43	
61824	4/23/2019 	09:16:44	45.2		0.0086204	-0.97694	0.0043324	-1.3665e+25	3.4528e+24	-2.1888e+18	1.6013e+17	-7.7817e+16	2.9571e+16	2.2149e+44	5.6698e+43	
61825	4/23/2019 	09:17:42	45.1		0.0084289	-0.97715	0.0042882	-1.3591e+25	3.4162e+24	-2.2146e+18	1.5819e+17	-7.4084e+16	2.9192e+16	2.1625e+44	5.6164e+43	
61826	4/23/2019 	09:18:39	45		0.0076738	-0.97739	0.0040897	-1.26e+25	3.259e+24	-2.0922e+18	1.5105e+17	-7.1482e+16	2.7875e+16	2.0916e+44	5.3548e+43	
61827	4/23/2019 	09:19:37	44.9		0.0076548	-0.97814	0.0040832	-1.3155e+25	3.2537e+24	-2.1162e+18	1.5083e+17	-7.3904e+16	2.7853e+16	2.0832e+44	5.3515e+43	
61828	4/23/2019 	09:20:35	44.8		0.007373	-0.97873	0.0040077	-1.2921e+25	3.194e+24	-2.0406e+18	1.479e+17	-7.2103e+16	2.7334e+16	1.953e+44	5.2406e+43	
61829	4/23/2019 	09:21:32	44.7		0.00712	-0.97886	0.0039385	-1.2589e+25	3.1379e+24	-2.0395e+18	1.4521e+17	-6.9749e+16	2.6858e+16	1.8913e+44	5.1534e+43	
61830	4/23/2019 	09:22:30	44.5		0.00692	-0.98015	0.0038903	-1.2007e+25	3.0994e+24	-1.9149e+18	1.4345e+17	-5.8591e+16	2.6408e+16	1.9217e+44	5.097e+43	
61831	4/23/2019 	09:23:28	44.4		0.0069035	-0.97988	0.0038803	-1.2943e+25	3.0947e+24	-1.9177e+18	1.4313e+17	-6.5189e+16	2.644e+16	1.8553e+44	5.1006e+43	
61832	4/23/2019 	09:24:25	44.3		0.0069726	-0.98009	0.0039028	-1.2588e+25	3.1114e+24	-1.9015e+18	1.4354e+17	-5.9532e+16	2.6539e+16	1.9305e+44	5.1246e+43	
61833	4/23/2019 	09:25:22	44.2		0.0065051	-0.98032	0.0037692	-1.168e+25	3.0024e+24	-1.9081e+18	1.3904e+17	-6.0944e+16	2.5626e+16	1.8743e+44	4.9454e+43	
61834	4/23/2019 	09:26:17	44.1		0.0067257	-0.97909	0.0038293	-1.164e+25	3.0536e+24	-1.7764e+18	1.4118e+17	-6.276e+16	2.6099e+16	2.0177e+44	5.0196e+43	
61835	4/23/2019 	09:27:12	44		0.0063366	-0.98014	0.0037196	-1.1661e+25	2.9618e+24	-1.8207e+18	1.3698e+17	-5.9107e+16	2.5292e+16	1.9361e+44	4.8618e+43	
61836	4/23/2019 	09:28:07	43.9		0.005874	-0.98079	0.0035786	-1.1261e+25	2.854e+24	-1.7178e+18	1.3191e+17	-6.0415e+16	2.4394e+16	1.8683e+44	4.6909e+43	
61837	4/23/2019 	09:29:01	43.8		0.0058706	-0.98041	0.0035814	-1.0903e+25	2.8531e+24	-1.7687e+18	1.3201e+17	-5.7536e+16	2.4338e+16	1.8407e+44	4.6911e+43	
61838	4/23/2019 	09:29:55	43.7		0.0083755	-0.97446	0.004495	-1.3326e+24	3.3008e+24	-1.1393e+18	1.45e+17	-1.1161e+17	2.909e+16	-1.0026e+44	3.3408e+43	
61839	4/23/2019 	09:30:48	43.6		0.0056108	-0.98163	0.0034998	-1.1757e+25	2.7896e+24	-1.703e+18	1.2914e+17	-5.6081e+16	2.3817e+16	1.7061e+44	4.5923e+43	
61840	4/23/2019 	09:31:42	43.5		0.0077583	-0.97404	0.0043166	1.1121e+24	3.1734e+24	-1.0685e+18	1.4012e+17	-9.6036e+16	2.7926e+16	-9.1467e+43	3.2897e+43	
61841	4/23/2019 	09:32:35	43.4		0.0076171	-0.97518	0.0043054	-1.7347e+24	3.1643e+24	-1.0443e+18	1.3841e+17	-1.1383e+17	2.7777e+16	-9.6799e+43	3.1791e+43	
61842	4/23/2019 	09:33:28	43.3		0.0077038	-0.97512	0.0043171	-2.5886e+23	3.1717e+24	-1.14e+18	1.389e+17	-9.9605e+16	2.782e+16	-8.9777e+43	3.4143e+43	
61843	4/23/2019 	09:34:19	43.2		0.0076014	-0.97426	0.0042767	8.1538e+23	3.1429e+24	-1.1004e+18	1.3861e+17	-9.8698e+16	2.764e+16	-9.1601e+43	3.2923e+43	
61844	4/23/2019 	09:35:11	43.1		0.0071637	-0.9739	0.004142	1.5724e+24	3.0458e+24	-1.0255e+18	1.3471e+17	-9.4474e+16	2.6875e+16	-9.2882e+43	3.0594e+43	
61845	4/23/2019 	09:36:02	43		0.0070778	-0.97558	0.0041363	-5.2726e+23	3.0374e+24	-1.0787e+18	1.3315e+17	-9.555e+16	2.67e+16	-8.9459e+43	3.1805e+43	
61846	4/23/2019 	09:36:53	43		0.0069036	-0.97535	0.0040734	2.5207e+23	2.9924e+24	-1.0218e+18	1.3179e+17	-9.9165e+16	2.64e+16	-8.9389e+43	3.0187e+43	
61847	4/23/2019 	09:37:43	42.9		0.0067793	-0.97546	0.0040394	3.6039e+23	2.967e+24	-1.0225e+18	1.3069e+17	-9.5139e+16	2.6145e+16	-9.1937e+43	3.0357e+43	
61848	4/23/2019 	09:38:34	42.8		0.0064298	-0.97706	0.0039387	4.4058e+23	2.896e+24	-1.0649e+18	1.2703e+17	-8.779e+16	2.5381e+16	-7.7479e+43	3.1588e+43	
61849	4/23/2019 	09:39:24	42.7		0.0059078	-0.97662	0.0037666	7.5794e+23	2.7679e+24	-9.6998e+17	1.2213e+17	-9.0774e+16	2.441e+16	-8.4932e+43	2.8026e+43	
61850	4/23/2019 	09:40:15	42.6		0.0058464	-0.97742	0.0037612	-1.3447e+24	2.7621e+24	-9.958e+17	1.21e+17	-9.9006e+16	2.4334e+16	-8.5643e+43	2.7595e+43	
61851	4/23/2019 	09:41:05	42.5		0.0054814	-0.97836	0.003633	-4.6646e+23	2.6683e+24	-8.8848e+17	1.1763e+17	-8.8651e+16	2.3521e+16	-8.2724e+43	2.7119e+43	
61852	4/23/2019 	09:41:56	42.4		0.0053594	-0.97898	0.0036086	-1.6078e+24	2.6511e+24	-8.9239e+17	1.1601e+17	-9.7286e+16	2.3307e+16	-8.5437e+43	2.6501e+43	
61853	4/23/2019 	09:42:46	42.3		0.0050559	-0.97866	0.0035084	-1.4573e+24	2.5786e+24	-8.6003e+17	1.1254e+17	-9.3287e+16	2.2635e+16	-8.3929e+43	2.5861e+43	
61854	4/23/2019 	09:43:37	42.3		0.0055886	-0.9788	0.0036627	9.6078e+23	2.692e+24	-8.7535e+17	1.1857e+17	-8.1445e+16	2.3725e+16	-7.1806e+43	2.7488e+43	
61855	4/23/2019 	09:44:27	42.2		0.0049575	-0.98048	0.003485	-2.6027e+24	2.5673e+24	-7.8265e+17	1.1176e+17	-9.5069e+16	2.2437e+16	-8.1822e+43	2.5278e+43	
61856	4/23/2019 	09:45:18	42.1		0.0046271	-0.98027	0.0033542	-2.006e+24	2.4647e+24	-8.2763e+17	1.0773e+17	-8.6821e+16	2.1657e+16	-7.8676e+43	2.4631e+43	
61857	4/23/2019 	09:46:08	42		0.0046043	-0.98165	0.0033575	-1.9922e+24	2.4718e+24	-8.311e+17	1.0752e+17	-8.4955e+16	2.1571e+16	-7.1889e+43	2.5596e+43	
61858	4/23/2019 	09:46:59	41.9		0.0031039	-0.98569	0.0026001	-8.7337e+24	2.0749e+24	-1.2232e+18	9.6093e+16	-4.8155e+16	1.7753e+16	1.2865e+44	3.4121e+43	
61859	4/23/2019 	09:47:48	41.8		0.0043379	-0.98201	0.0032592	-2.2444e+24	2.3999e+24	-8.3293e+17	1.0421e+17	-8.3759e+16	2.093e+16	-7.1321e+43	2.5075e+43	
61860	4/23/2019 	09:48:38	41.8		0.0042343	-0.98245	0.0032153	-1.5914e+24	2.3655e+24	-8.3537e+17	1.0276e+17	-7.4738e+16	2.0654e+16	-6.6597e+43	2.5373e+43	
61861	4/23/2019 	09:49:27	41.7		0.003821	-0.98258	0.0030329	-5.7316e+23	2.2275e+24	-8.0092e+17	9.8117e+16	-7.2896e+16	1.9662e+16	-6.4222e+43	2.2227e+43	
61862	4/23/2019 	09:50:17	41.6		0.0038121	-0.98324	0.0030496	-2.1317e+24	2.2419e+24	-7.3243e+17	9.7788e+16	-7.5833e+16	1.9657e+16	-6.8739e+43	2.253e+43	
61863	4/23/2019 	09:51:06	41.5		0.0037163	-0.98306	0.0030223	-2.5224e+24	2.2308e+24	-6.9158e+17	9.7145e+16	-8.4513e+16	1.9457e+16	-7.1078e+43	2.1348e+43	
61864	4/23/2019 	09:51:56	41.4		0.0035537	-0.98338	0.0029405	-8.7823e+23	2.1607e+24	-7.7911e+17	9.405e+16	-7.0324e+16	1.8921e+16	-6.2633e+43	2.3022e+43	
61865	4/23/2019 	09:52:45	41.4		0.0025305	-0.98804	0.0023569	-7.3252e+24	1.8791e+24	-1.0764e+18	8.6713e+16	-2.6246e+16	1.5946e+16	1.1033e+44	3.0866e+43	
61866	4/23/2019 	09:53:35	41.3		0.0033249	-0.98195	0.002902	-2.5513e+24	2.1894e+24	-3.4849e+17	9.2784e+16	-1.0198e+17	1.8571e+16	-8.027e+43	1.7928e+43	
61867	4/23/2019 	09:54:24	41.2		0.0031062	-0.98455	0.0027534	-2.0604e+24	2.0259e+24	-6.1116e+17	8.8471e+16	-7.5544e+16	1.7774e+16	-6.0419e+43	1.9714e+43	
61868	4/23/2019 	09:55:14	41.1		0.00307	-0.98404	0.0027844	-2.6141e+24	2.1048e+24	-3.2939e+17	8.7326e+16	-9.4062e+16	1.7874e+16	-6.9175e+43	1.69e+43	
61869	4/23/2019 	09:56:03	41		0.0029068	-0.98612	0.0026656	-2.0711e+24	1.9611e+24	-6.5326e+17	8.5384e+16	-6.6458e+16	1.7153e+16	-5.4376e+43	1.9964e+43	
61870	4/23/2019 	09:56:53	41		0.0027288	-0.98621	0.0025801	-8.6819e+23	1.8971e+24	-6.3714e+17	8.2612e+16	-5.3806e+16	1.6595e+16	-4.9402e+43	1.9905e+43	
61871	4/23/2019 	09:57:42	40.9		0.0026141	-0.98546	0.0025161	-8.9486e+23	1.8497e+24	-5.7705e+17	8.1145e+16	-6.4053e+16	1.6318e+16	-5.3789e+43	1.768e+43	
61872	4/23/2019 	09:58:31	40.8		0.0024982	-0.98634	0.0024706	-1.5339e+24	1.8174e+24	-6.0312e+17	7.912e+16	-6.2089e+16	1.591e+16	-5.1723e+43	1.8319e+43	
61873	4/23/2019 	09:59:20	40.8		0.0025903	-0.98585	0.0025123	-1.1864e+24	1.8481e+24	-5.8123e+17	8.084e+16	-6.7485e+16	1.6235e+16	-5.6998e+43	1.7886e+43	
61874	4/23/2019 	10:00:07	40.7		0.0022697	-0.98539	0.0023478	-1.5182e+23	1.7243e+24	-5.9752e+17	7.5526e+16	-5.7743e+16	1.5153e+16	-5.3115e+43	1.7562e+43	
61875	4/23/2019 	10:00:54	40.6		0.002182	-0.9869	0.0023082	-1.3551e+24	1.6989e+24	-5.8259e+17	7.4103e+16	-6.3397e+16	1.4899e+16	-5.1615e+43	1.6471e+43	
61876	4/23/2019 	10:01:42	40.5		0.0020928	-0.9862	0.0022476	-4.8425e+23	1.6504e+24	-5.2855e+17	7.2555e+16	-5.4597e+16	1.4568e+16	-5.1259e+43	1.6307e+43	
61877	4/23/2019 	10:02:29	40.5		0.0020731	-0.98659	0.0022402	-4.4136e+23	1.6448e+24	-5.5985e+17	7.2088e+16	-5.478e+16	1.447e+16	-4.8392e+43	1.6895e+43	
61878	4/23/2019 	10:03:17	40.4		0.0022276	-0.98674	0.0023285	-1.4772e+24	1.7131e+24	-4.6598e+17	7.4997e+16	-5.6883e+16	1.5072e+16	-5.606e+43	1.6307e+43	
61879	4/23/2019 	10:04:04	40.3		0.0022698	-0.98523	0.0023964	-1.7187e+24	1.8109e+24	-2.1291e+17	7.58e+16	-8.1587e+16	1.5357e+16	-6.6175e+43	1.464e+43	
61880	4/23/2019 	10:04:52	40.3		0.0018596	-0.98813	0.0021341	-1.7409e+24	1.5712e+24	-5.3711e+17	6.8448e+16	-5.0526e+16	1.372e+16	-4.6482e+43	1.6009e+43	
61881	4/23/2019 	10:05:39	40.2		0.001567	-0.99238	0.0018653	-5.8342e+24	1.4864e+24	-7.4585e+17	6.8198e+16	-7.3922e+15	1.2502e+16	7.7709e+43	2.4438e+43	
61882	4/23/2019 	10:06:26	40.1		0.0018988	-0.9881	0.002145	-4.0757e+22	1.5782e+24	-5.6899e+17	6.8793e+16	-4.4588e+16	1.3787e+16	-3.768e+43	1.7944e+43	
61883	4/23/2019 	10:07:14	40.1		0.0015986	-0.9877	0.0019526	1.7075e+23	1.4376e+24	-4.6572e+17	6.3695e+16	-4.5626e+16	1.2751e+16	-4.3554e+43	1.3531e+43	
61884	4/23/2019 	10:08:01	40		0.0017858	-0.98815	0.0021126	-2.2491e+24	1.5768e+24	-2.7223e+17	6.8239e+16	-6.5941e+16	1.3563e+16	-5.1333e+43	1.3697e+43	
61885	4/23/2019 	10:08:49	39.9		0.0012653	-0.99083	0.0016616	-4.6412e+24	1.3235e+24	-6.7251e+17	6.1194e+16	-2.1913e+16	1.1312e+16	8.9743e+43	2.1738e+43	
61886	4/23/2019 	10:09:36	39.9		0.0014778	-0.98855	0.001891	-4.0255e+23	1.3888e+24	-4.8454e+17	6.0871e+16	-4.0764e+16	1.2191e+16	-4.0715e+43	1.4867e+43	
61887	4/23/2019 	10:10:24	39.8		0.0013834	-0.98932	0.0018325	-7.376e+23	1.3457e+24	-4.7178e+17	5.8823e+16	-4.5086e+16	1.1824e+16	-3.7824e+43	1.3836e+43	
61888	4/23/2019 	10:11:11	39.8		0.0011623	-0.99324	0.0016076	-4.6553e+24	1.2796e+24	-6.5673e+17	5.836e+16	-6.4477e+15	1.0762e+16	7.6243e+43	2.1023e+43	
61889	4/23/2019 	10:11:59	39.7		0.00092967	-0.9924	0.0014222	-4.4656e+24	1.1331e+24	-5.8454e+17	5.2575e+16	-2.2744e+16	9.721e+15	7.5114e+43	1.8645e+43	
61890	4/23/2019 	10:12:46	39.6		0.00090272	-0.99177	0.0014053	-3.6675e+24	1.1191e+24	-5.7142e+17	5.1701e+16	-1.5884e+16	9.5372e+15	7.1359e+43	1.8375e+43	
61891	4/23/2019 	10:13:33	39.6		0.0011302	-0.99155	0.001666	-1.7778e+24	1.2294e+24	-4.125e+17	5.3223e+16	-3.7385e+16	1.0667e+16	-3.3948e+43	1.3561e+43	
61892	4/23/2019 	10:14:21	39.5		0.0011412	-0.99087	0.0016685	-7.0931e+23	1.2286e+24	-4.1903e+17	5.3205e+16	-3.6408e+16	1.0705e+16	-3.0098e+43	1.3888e+43	
61893	4/23/2019 	10:15:08	39.5		0.0010462	-0.99058	0.0015866	-2.9139e+23	1.1652e+24	-4.2542e+17	5.1355e+16	-3.9164e+16	1.0283e+16	-3.6829e+43	1.1728e+43	
61894	4/23/2019 	10:15:56	39.4		0.0010983	-0.99077	0.0016356	-1.4041e+24	1.2024e+24	-3.1779e+17	5.2471e+16	-4.2248e+16	1.0559e+16	-3.6388e+43	1.1894e+43	
61895	4/23/2019 	10:16:43	39.3		0.00084792	-0.99352	0.0013753	-3.113e+24	1.092e+24	-5.0974e+17	4.9757e+16	-1.8419e+15	9.1879e+15	6.1097e+43	1.7927e+43	
61896	4/23/2019 	10:17:31	39.3		0.00095488	-0.99207	0.0015244	-7.6165e+23	1.1314e+24	-4.0277e+17	4.8867e+16	-2.807e+16	9.7679e+15	-1.9796e+43	1.4657e+43	
61897	4/23/2019 	10:18:18	39.2		0.00083292	-0.99481	0.0013596	-4.725e+24	1.0793e+24	-5.3509e+17	4.9519e+16	-7.4794e+15	9.106e+15	5.655e+43	1.7752e+43	
61898	4/23/2019 	10:19:05	39.2		0.00070713	-0.99381	0.0012471	-3.7676e+24	9.9449e+23	-4.7268e+17	4.5844e+16	-1.7176e+16	8.4229e+15	5.0907e+43	1.633e+43	
61899	4/23/2019 	10:19:53	39.1		0.00076732	-0.9938	0.0012978	-3.848e+24	1.0335e+24	-5.2816e+17	4.7677e+16	-1.8232e+16	8.7779e+15	4.4999e+43	1.6991e+43	
61900	4/23/2019 	10:20:40	39.1		0.00097916	-0.99139	0.0015432	-4.7771e+23	1.1342e+24	-3.7043e+17	4.9461e+16	-3.5485e+16	9.9223e+15	-3.1181e+43	1.241e+43	
61901	4/23/2019 	10:21:28	39		0.00098386	-0.99159	0.0015459	8.5814e+23	1.1508e+24	-3.6268e+17	4.9938e+16	-2.5906e+16	9.9062e+15	-1.7614e+43	1.5416e+43	
61902	4/23/2019 	10:22:15	38.9		0.00076912	-0.99563	0.0013108	-4.2595e+24	1.0441e+24	-4.9971e+17	4.7589e+16	-1.8523e+15	8.7574e+15	4.5732e+43	1.7151e+43	
61903	4/23/2019 	10:23:03	38.9		0.000973	-0.99087	0.001571	-5.9651e+23	1.1827e+24	-1.3129e+17	5.0411e+16	-4.887e+16	1.0028e+16	-3.4128e+43	1.0038e+43	
61904	4/23/2019 	10:23:50	38.8		0.00081515	-0.99148	0.0014371	-8.2104e+23	1.0826e+24	-1.5183e+17	4.6083e+16	-4.5261e+16	9.1831e+15	-3.509e+43	9.0877e+42	
61905	4/23/2019 	10:24:38	38.8		0.00061594	-0.99467	0.0011699	-2.8467e+24	9.3182e+23	-4.6794e+17	4.2623e+16	-3.8634e+15	7.8367e+15	5.3949e+43	1.5299e+43	
61906	4/23/2019 	10:25:25	38.7		0.00087002	-0.99262	0.0014539	-9.0288e+23	1.0679e+24	-2.6209e+17	4.6736e+16	-3.3863e+16	9.3885e+15	-2.83e+43	1.0744e+43	
61907	4/23/2019 	10:26:12	38.7		0.00082437	-0.99274	0.0014189	-2.7843e+23	1.046e+24	-3.4336e+17	4.5271e+16	-3.034e+16	9.0953e+15	-2.3924e+43	1.2046e+43	
61908	4/23/2019 	10:27:00	38.6		0.00086791	-0.99259	0.0014828	-1.393e+24	1.1178e+24	-9.9336e+16	4.7362e+16	-4.6369e+16	9.478e+15	-3.3182e+43	9.3405e+42	
61909	4/23/2019 	10:27:47	38.6		0.00069593	-0.993	0.0012954	-4.04e+23	9.5111e+23	-3.1604e+17	4.1847e+16	-2.7111e+16	8.3914e+15	-2.361e+43	9.5456e+42	
61910	4/23/2019 	10:28:35	38.5		0.00058195	-0.99324	0.0011927	-1.1223e+24	8.778e+23	-2.5948e+17	3.8353e+16	-2.9976e+16	7.6883e+15	-2.3829e+43	8.6536e+42	
61911	4/23/2019 	10:29:22	38.5		0.00067382	-0.99333	0.0012772	-7.5717e+23	9.3769e+23	-3.0405e+17	4.1083e+16	-2.7406e+16	8.2551e+15	-2.4402e+43	9.5332e+42	
61912	4/23/2019 	10:30:10	38.4		0.00065782	-0.99382	0.0012647	-9.321e+23	9.2895e+23	-2.4388e+17	4.0526e+16	-2.6407e+16	8.1434e+15	-2.2069e+43	9.8379e+42	
61913	4/23/2019 	10:30:57	38.4		0.00048736	-0.99656	0.0010396	-3.4488e+24	8.2728e+23	-3.7985e+17	3.7849e+16	-1.7612e+15	6.9709e+15	3.8029e+43	1.3568e+43	
61914	4/23/2019 	10:31:44	38.3		0.00063966	-0.99291	0.0012341	2.9759e+23	9.0935e+23	-2.6327e+17	4.0441e+16	-2.6224e+16	8.0254e+15	-2.4931e+43	9.0072e+42	
61915	4/23/2019 	10:32:32	38.3		0.00066773	-0.99172	0.0012607	5.468e+22	9.2853e+23	-1.9357e+17	4.1215e+16	-2.7347e+16	8.2372e+15	-2.6477e+43	8.7514e+42	
61916	4/23/2019 	10:33:19	38.2		0.00066175	-0.99434	0.0012701	-1.729e+24	9.3366e+23	-2.7559e+17	4.0748e+16	-2.8332e+16	8.1883e+15	-1.7548e+43	9.4154e+42	
61917	4/23/2019 	10:34:07	38.2		0.00058581	-0.99529	0.0011453	-2.5301e+24	9.0876e+23	-3.5553e+17	4.1353e+16	-1.273e+15	7.6397e+15	5.234e+43	1.4931e+43	
61918	4/23/2019 	10:34:54	38.2		0.00062203	-0.996	0.001179	-3.0881e+24	9.3625e+23	-4.0858e+17	4.259e+16	-3.4938e+13	7.8708e+15	5.0932e+43	1.5388e+43	
61919	4/23/2019 	10:35:42	38.1		0.00062879	-0.99443	0.0012317	-1.14e+24	9.0454e+23	-2.7049e+17	3.972e+16	-2.6415e+16	7.9875e+15	-2.1005e+43	8.8942e+42	
61920	4/23/2019 	10:36:29	38.1		0.00056566	-0.99318	0.0011573	1.7055e+23	8.5407e+23	-2.3112e+17	3.8053e+16	-2.3733e+16	7.5744e+15	-1.9361e+43	7.9951e+42	
61921	4/23/2019 	10:37:16	38		0.00058926	-0.99553	0.0011499	-1.8885e+24	9.1135e+23	-3.0177e+17	4.1343e+16	-2.2795e+14	7.6642e+15	4.8764e+43	1.495e+43	
61922	4/23/2019 	10:38:04	38		0.00061448	-0.99354	0.0011957	-8.72e+22	8.9e+23	-2.412e+17	3.9864e+16	-2.0568e+16	7.9022e+15	-2.0324e+43	7.6184e+42	
61923	4/23/2019 	10:38:51	37.9		0.00056001	-0.99575	0.001119	-2.0313e+24	8.8791e+23	-3.1419e+17	4.0307e+16	-2.6979e+15	7.4676e+15	4.506e+43	1.4558e+43	
61924	4/23/2019 	10:39:39	37.9		0.00054314	-0.99276	0.0011433	3.7814e+23	8.4083e+23	-2.0363e+17	3.6996e+16	-2.8534e+16	7.446e+15	-2.584e+43	7.8694e+42	
61925	4/23/2019 	10:40:26	37.9		0.00056734	-0.99579	0.0011305	-1.9826e+24	8.9949e+23	-2.9338e+17	4.0651e+16	3.2109e+15	7.5339e+15	4.5965e+43	1.4755e+43	
61926	4/23/2019 	10:41:14	37.8		0.00055284	-0.99565	0.0011129	-2.1194e+24	8.8549e+23	-2.5092e+17	4.0145e+16	-1.0002e+15	7.4261e+15	4.2602e+43	1.452e+43	
61927	4/23/2019 	10:42:01	37.8		0.00059678	-0.99636	0.001164	-2.7266e+24	9.3083e+23	-3.0774e+17	4.2e+16	5.663e+15	7.7492e+15	3.6738e+43	1.5265e+43	
61928	4/23/2019 	10:42:48	37.7		0.00053121	-0.99475	0.0011197	-7.695e+23	8.2757e+23	-2.163e+17	3.6903e+16	-2.3582e+16	7.3464e+15	-1.9144e+43	7.5819e+42	
61929	4/23/2019 	10:43:36	37.7		0.00056122	-0.99418	0.001152	-3.4526e+23	8.5134e+23	-2.2892e+17	3.8049e+16	-2.1941e+16	7.5299e+15	-2.3265e+43	8.036e+42	
61930	4/23/2019 	10:44:23	37.7		0.00051474	-0.99602	0.0010734	-2.064e+24	8.5241e+23	-2.5519e+17	3.8745e+16	3.5486e+15	7.162e+15	4.4783e+43	1.4001e+43	
61931	4/23/2019 	10:45:11	37.6		0.00058662	-0.99499	0.0011908	-6.8188e+23	8.7413e+23	-2.6302e+17	3.8299e+16	-1.6043e+16	7.6994e+15	-1.4091e+43	8.9233e+42	
61932	4/23/2019 	10:45:58	37.6		0.00057932	-0.99434	0.0011809	-7.8428e+22	8.6723e+23	-2.7074e+17	3.8144e+16	-1.8664e+16	7.6441e+15	-1.6733e+43	8.8828e+42	
61933	4/23/2019 	10:46:46	37.6		0.00042766	-0.99587	0.0010126	-3.9887e+23	7.4418e+23	-2.5994e+17	3.2925e+16	-1.3077e+16	6.5734e+15	-1.04e+43	7.4308e+42	
61934	4/23/2019 	10:47:33	37.5		0.00044872	-0.99579	0.0010437	-6.4188e+22	7.6663e+23	-1.9675e+17	3.3422e+16	-1.3742e+16	6.7188e+15	-9.7171e+42	8.2819e+42	
61935	4/23/2019 	10:48:20	37.5		0.00042214	-0.99698	0.00097878	-1.9264e+24	7.7861e+23	-1.9777e+17	3.4936e+16	6.533e+15	6.5159e+15	3.0603e+43	1.2808e+43	
61936	4/23/2019 	10:49:08	37.5		0.00045528	-0.99569	0.001036	2.2156e+22	7.6599e+23	-2.2935e+17	3.4134e+16	-1.6947e+16	6.8053e+15	-1.1595e+43	6.9521e+42	
61937	4/23/2019 	10:49:55	37.4		0.00056844	-0.99451	0.001166	-3.8715e+23	8.5739e+23	-1.7694e+17	3.7942e+16	-1.9576e+16	7.5899e+15	-1.6163e+43	8.3391e+42	
61938	4/23/2019 	10:50:43	37.4		0.00051266	-0.99497	0.0011099	-2.023e+23	8.1521e+23	-1.7167e+17	3.5947e+16	-1.8935e+16	7.2038e+15	-1.2767e+43	8.0889e+42	
61939	4/23/2019 	10:51:30	37.4		0.00045934	-0.99726	0.0010226	-1.7509e+24	8.1147e+23	-1.9006e+17	3.6285e+16	1.122e+16	6.8069e+15	4.2982e+43	1.3366e+43	
61940	4/23/2019 	10:52:17	37.3		0.00045621	-0.99787	0.0010207	-1.7567e+24	8.114e+23	-2.4042e+17	3.6197e+16	9.6142e+15	6.7905e+15	2.3032e+43	1.3357e+43	
61941	4/23/2019 	10:53:05	37.3		0.00042773	-0.99697	0.00099118	-1.2328e+24	7.846e+23	-1.9758e+17	3.4887e+16	1.0182e+16	6.5924e+15	3.7624e+43	1.3035e+43	
61942	4/23/2019 	10:53:52	37.3		0.00043717	-0.99619	0.0010164	-2.5986e+23	7.5125e+23	-1.728e+17	3.3557e+16	-1.6928e+16	6.6554e+15	-1.0624e+43	6.9836e+42	
61943	4/23/2019 	10:54:40	37.3		0.00033733	-0.9977	0.000878	-1.601e+24	6.982e+23	-1.4854e+17	3.1171e+16	8.4329e+15	5.8403e+15	2.9678e+43	1.1516e+43	
61944	4/23/2019 	10:55:27	37.2		0.00028929	-0.998	0.00081051	-1.9641e+24	6.474e+23	-1.7936e+17	2.9186e+16	6.5336e+15	5.3954e+15	2.5136e+43	1.0601e+43	
61945	4/23/2019 	10:56:15	37.2		0.00040066	-0.99772	0.00095385	-1.6684e+24	7.5994e+23	-1.57e+17	3.4143e+16	6.3746e+15	6.3499e+15	3.6261e+43	1.2479e+43	
61946	4/23/2019 	10:57:02	37.2		0.00029728	-0.99763	0.00082561	-1.284e+24	6.5281e+23	-1.5492e+17	2.9254e+16	1.2271e+16	5.4944e+15	3.0888e+43	1.0777e+43	
61947	4/23/2019 	10:57:49	37.2		0.00035668	-0.99729	0.00092497	-2.7791e+23	6.7986e+23	-1.7732e+17	3.0041e+16	-1.4652e+16	5.9946e+15	-4.3294e+42	6.9291e+42	
61948	4/23/2019 	10:58:37	37.1		0.00029417	-0.999	0.00082132	-2.143e+24	6.5135e+23	-1.7996e+17	2.889e+16	1.0811e+16	5.462e+15	3.1838e+43	1.0724e+43	
61949	4/23/2019 	10:59:24	37.1		0.00029475	-0.99797	0.00084743	-5.0133e+23	6.2832e+23	-1.9465e+17	2.7085e+16	-8.8143e+15	5.4289e+15	-4.4088e+42	8.0367e+42	
61950	4/23/2019 	11:00:12	37.1		0.00038697	-0.99827	0.00096042	-7.7632e+23	7.0704e+23	-1.5487e+17	3.1316e+16	-1.7097e+16	6.2701e+15	-2.8141e+42	6.6994e+42	
61951	4/23/2019 	11:00:59	37.1		0.00029342	-0.99811	0.00084501	8.3541e+22	6.3004e+23	-1.7845e+17	2.7122e+16	-4.9082e+15	5.4173e+15	-2.7874e+42	8.5135e+42	
61952	4/23/2019 	11:01:47	37		0.00030145	-0.99867	0.00083246	-1.3354e+24	6.5995e+23	-1.7195e+17	2.929e+16	8.8588e+15	5.533e+15	2.7512e+43	1.0901e+43	
61953	4/23/2019 	11:02:34	37		0.00034789	-0.9982	0.00089077	-1.4369e+24	7.1026e+23	-1.6343e+17	3.1896e+16	6.2956e+15	5.9256e+15	2.2197e+43	1.1709e+43	
61954	4/23/2019 	11:03:21	37		0.0003479	-0.99681	0.00091043	-3.522e+23	6.7037e+23	-1.4606e+17	2.9762e+16	-1.4548e+16	5.9486e+15	-8.4701e+42	6.3042e+42	
61955	4/23/2019 	11:04:09	37		0.00035601	-0.99738	0.000911	-6.4838e+23	6.7742e+23	-1.1033e+17	3.0335e+16	-1.3346e+16	6.0106e+15	-9.008e+42	5.913e+42	
61956	4/23/2019 	11:04:56	37		0.00045268	-0.99896	0.0010307	-9.7033e+23	8.0708e+23	-2.2627e+17	3.5409e+16	9.1018e+15	6.7945e+15	2.6374e+42	1.3322e+43	
61957	4/23/2019 	11:05:44	36.9		0.00030837	-0.9986	0.0008509	2.422e+23	6.3072e+23	-1.5729e+17	2.414e+16	2.4606e+15	5.639e+15	3.7059e+42	5.9994e+42	
61958	4/23/2019 	11:06:31	36.9		0.00032034	-0.99872	0.00088292	-1.0001e+24	6.492e+23	-9.0878e+16	2.8378e+16	-1.2917e+16	5.7106e+15	-3.6823e+42	6.2806e+42	
61959	4/23/2019 	11:07:19	36.9		0.00029892	-0.99867	0.00083638	-4.7938e+23	6.2309e+23	-1.2858e+17	2.3578e+16	2.5818e+15	5.4981e+15	-1.9055e+42	6.5456e+42	
61960	4/23/2019 	11:08:06	36.9		0.0003609	-0.99932	0.00091492	-1.0855e+24	7.2128e+23	-1.0745e+17	3.1747e+16	1.055e+16	6.0698e+15	2.4302e+43	1.1933e+43	
61961	4/23/2019 	11:08:53	36.9		0.00029634	-0.99899	0.00082605	-8.3153e+23	6.5544e+23	-1.2613e+17	2.9107e+16	4.8951e+15	5.486e+15	1.6309e+43	1.0802e+43	
61962	4/23/2019 	11:09:41	36.9		0.00038323	-0.99922	0.00095075	-1.279e+24	7.4359e+23	-1.5593e+17	3.2656e+16	5.2823e+15	6.2447e+15	8.3553e+42	1.2114e+43	
61963	4/23/2019 	11:10:28	36.9		0.0003017	-0.99866	0.00084676	-2.9238e+23	6.244e+23	-1.0099e+17	2.7886e+16	-9.774e+15	5.5139e+15	-1.1734e+42	6.1079e+42	
61964	4/23/2019 	11:11:16	36.8		0.0003484	-0.99911	0.00091186	-5.8738e+23	6.7138e+23	-7.6093e+16	2.9684e+16	-8.8194e+15	5.9617e+15	-2.1022e+41	6.2196e+42	
61965	4/23/2019 	11:12:03	36.8		0.00032843	-0.99869	0.0009125	2.0801e+22	6.8759e+23	3.324e+16	2.9166e+16	-9.9581e+15	5.8264e+15	-1.7435e+42	5.8235e+42	
61966	4/23/2019 	11:12:51	36.8		0.00030805	-1.0005	0.00084006	-4.8282e+23	6.6591e+23	-1.4217e+17	2.955e+16	5.669e+15	5.5886e+15	5.0722e+42	1.0991e+43	
61967	4/23/2019 	11:13:38	36.8		0.00037097	-1.0001	0.0009444	-1.0298e+24	7.2524e+23	-6.9568e+16	3.1461e+16	1.5551e+15	6.1222e+15	-5.0119e+42	1.1211e+43	
61968	4/23/2019 	11:14:25	36.8		0.00027992	-1	0.0008258	-5.6483e+23	6.3363e+23	-6.0822e+16	2.7392e+16	-1.6252e+15	5.3146e+15	2.0513e+41	9.2057e+42	
61969	4/23/2019 	11:15:13	36.8		0.00030368	-0.9996	0.00086975	-1.3228e+22	6.5653e+23	-1.632e+16	2.8191e+16	-2.6995e+15	5.5329e+15	4.3171e+42	7.9603e+42	
61970	4/23/2019 	11:16:00	36.8		0.00031494	-1.0002	0.00085522	-7.6429e+23	6.739e+23	-1.1313e+17	3.0642e+16	8.4684e+15	5.6802e+15	-5.3973e+42	1.1178e+43	
61971	4/23/2019 	11:16:48	36.8		0.0002743	-0.99995	0.00083076	7.1004e+23	6.2431e+23	3.8198e+16	2.6827e+16	-3.9961e+15	5.329e+15	5.07e+42	5.1642e+42	
61972	4/23/2019 	11:17:35	36.8		0.00027083	-0.99987	0.00075017	2.0416e+23	5.9453e+23	1.1623e+17	2.7407e+16	-1.6909e+15	5.62e+15	7.7732e+42	1.025e+43	
61973	4/23/2019 	11:18:22	36.8		0.00025918	-0.99974	0.00077913	1.5154e+23	5.7901e+23	-4.2385e+16	2.2013e+16	1.2937e+15	5.1331e+15	2.6179e+42	5.8394e+42	
61974	4/23/2019 	11:19:10	36.7		0.0002372	-0.99926	0.00077373	2.7365e+23	5.8164e+23	3.3289e+16	2.4899e+16	-5.0492e+15	4.951e+15	-1.1106e+42	4.9066e+42	
61975	4/23/2019 	11:19:57	36.7		0.00027368	-0.99944	0.00080209	4.3399e+22	6.3032e+23	-8.3224e+16	2.7784e+16	4.1152e+15	5.2785e+15	2.1534e+42	1.0283e+43	
61976	4/23/2019 	11:20:45	36.7		0.00025794	-1.0011	0.00078801	-6.5653e+23	5.8427e+23	-7.3048e+16	2.2492e+16	1.5377e+15	5.1642e+15	6.8188e+42	5.4553e+42	
61977	4/23/2019 	11:21:32	36.7		0.00023044	-1.0001	0.00073375	-1.8452e+23	5.8936e+23	1.4715e+16	2.6475e+16	4.094e+15	4.8651e+15	1.2883e+42	9.434e+42	
61978	4/23/2019 	11:22:20	36.7		0.00030951	-1.0007	0.000828	-8.468e+23	6.5783e+23	-1.0857e+17	3.2677e+16	2.5319e+14	5.3547e+15	5.2204e+42	4.3117e+42	
61979	4/23/2019 	11:23:07	36.7		0.00031125	-0.99982	0.00088762	-6.0684e+22	6.6621e+23	3.682e+16	2.8515e+16	-7.5621e+15	5.6603e+15	3.0039e+42	5.8421e+42	
61980	4/23/2019 	11:23:54	36.7		0.00029136	-0.9999	0.00085818	-4.7811e+22	6.4372e+23	4.8648e+16	2.7634e+16	-1.1985e+16	5.4635e+15	9.6184e+41	5.8406e+42	
61981	4/23/2019 	11:24:42	36.7		0.00027593	-1.0022	0.00080374	-7.6222e+23	5.9705e+23	-1.0608e+17	2.3192e+16	7.3457e+15	5.4575e+15	1.3741e+43	4.9704e+42	
61982	4/23/2019 	11:25:29	36.7		2.882e-05	-0.99973	0.00024534	1.7334e+23	1.9829e+23	-9.0697e+15	9.3906e+15	-4.2484e+15	1.8495e+15	-1.0552e+43	3.4583e+42	
61983	4/23/2019 	11:26:17	36.7		0.00037546	-0.99977	0.00097142	2.8809e+21	7.2719e+23	4.5725e+16	3.127e+16	-5.5256e+15	6.1669e+15	1.3693e+42	7.5346e+42	
61984	4/23/2019 	11:27:04	36.7		0.00036239	-1.0002	0.00088092	1.4537e+23	7.0055e+23	-4.973e+15	1.9866e+16	-3.2172e+15	5.0253e+15	7.7914e+39	4.4634e+42	
61985	4/23/2019 	11:27:52	36.7		0.00026252	-1.0008	0.00077356	-1.3056e+22	5.8401e+23	6.1341e+16	3.5297e+16	-4.7796e+15	4.5528e+15	4.5052e+42	5.0382e+42	
61986	4/23/2019 	11:28:39	36.7		0.00031629	-1.0009	0.00088278	-6.0344e+23	6.5216e+23	-9.1663e+15	2.8196e+16	-3.8288e+15	5.6476e+15	2.7143e+42	7.0545e+42	
61987	4/23/2019 	11:29:27	36.7		0.00028444	-1.002	0.0008155	-1.0409e+24	6.0545e+23	-6.5921e+16	2.7084e+16	-2.0819e+14	5.3831e+15	1.0664e+43	5.2499e+42	
61988	4/23/2019 	11:30:14	36.7		0.00026118	-1.0022	0.0007464	-5.6462e+23	5.8039e+23	-1.4177e+17	2.9543e+16	-1.1484e+16	5.0032e+15	6.1568e+42	3.7139e+42	
61989	4/23/2019 	11:31:01	36.8		0.00038731	-1.001	0.00092508	-1.1365e+24	7.1469e+23	2.0206e+16	3.133e+16	-4.1628e+15	6.1522e+15	1.9739e+42	4.6442e+42	
61990	4/23/2019 	11:31:49	36.8		0.00023644	-1.0016	0.00075486	5.8567e+22	5.5436e+23	-5.9709e+16	2.4422e+16	-1.976e+15	4.8792e+15	1.0706e+43	5.7867e+42	
61991	4/23/2019 	11:32:36	36.8		0.00029761	-1.0005	0.00081074	-2.9117e+23	6.3708e+23	-6.6394e+16	3.4895e+16	6.2428e+15	5.1528e+15	8.3318e+42	4.1989e+42	
61992	4/23/2019 	11:33:24	36.8		0.00033033	-1.0011	0.00083732	-9.6354e+21	6.6372e+23	1.8586e+16	3.6547e+16	9.2162e+15	5.3741e+15	-1.0871e+42	1.1549e+43	
61993	4/23/2019 	11:34:11	36.8		0.0003138	-1.0016	0.00084616	-8.1823e+23	6.7366e+23	-1.0763e+17	3.0175e+16	7.4831e+15	5.6293e+15	-1.5081e+43	1.1088e+43	
61994	4/23/2019 	11:34:58	36.8		0.00028165	-1.0021	0.00080464	-7.3836e+23	6.1491e+23	-8.2926e+16	3.1179e+16	-8.3099e+15	5.0863e+15	5.6299e+42	6.1396e+42	
61995	4/23/2019 	11:35:46	36.8		0.00029946	-1.0025	0.00082693	-1.7059e+23	6.2443e+23	2.1542e+16	3.5651e+16	8.8329e+15	4.8634e+15	1.8804e+43	6.1597e+42	
61996	4/23/2019 	11:36:33	36.8		0.00029055	-1.0011	0.00084156	-1.0666e+23	6.3612e+23	-1.4695e+16	2.7378e+16	2.0505e+15	5.4029e+15	5.0871e+42	9.0007e+42	
61997	4/23/2019 	11:37:21	36.8		0.00028592	-1.0017	0.00081025	-1.9316e+22	6.0914e+23	-1.7142e+16	2.7016e+16	2.5366e+15	5.3358e+15	1.1592e+43	4.628e+42	
61998	4/23/2019 	11:38:07	36.8		0.00031407	-1.0015	0.00085926	-1.1298e+23	6.3633e+23	-4.274e+16	2.4611e+16	7.8013e+15	5.7655e+15	1.0343e+43	5.6166e+42	
61999	4/23/2019 	11:38:54	36.8		0.00037025	-1.0014	0.00090248	6.9387e+23	7.0334e+23	3.083e+16	2.6346e+16	-1.1889e+15	7.2045e+15	-2.8449e+43	1.8097e+43	
62000	4/23/2019 	11:39:40	36.9		0.00028198	-1.0009	0.00081315	1.1121e+23	6.1051e+23	1.0096e+17	3.0645e+16	-5.191e+15	5.217e+15	5.3934e+42	5.6087e+42	
62001	4/23/2019 	11:40:27	36.9		0.00028978	-1.0005	0.00082279	9.8321e+23	6.2289e+23	8.806e+16	3.1006e+16	-2.295e+15	5.2795e+15	6.8555e+42	5.7296e+42	
62002	4/23/2019 	11:41:13	36.9		0.0002493	-1.0008	0.00079107	4.7653e+23	5.9045e+23	5.3049e+16	2.5459e+16	-2.9367e+15	5.0514e+15	8.0482e+42	5.4138e+42	
62003	4/23/2019 	11:41:59	36.9		0.00034249	-1.0002	0.0008453	3.0743e+23	6.6577e+23	7.2746e+16	3.092e+16	-2.4704e+14	6.2415e+15	-6.5576e+42	1.1443e+43	
62004	4/23/2019 	11:42:44	36.9		0.00023744	-1.0006	0.00076065	4.7467e+23	5.6202e+23	-4.4549e+16	3.1842e+16	1.0906e+15	4.4374e+15	8.5378e+42	8.1195e+42	
62005	4/23/2019 	11:43:30	36.9		0.00028105	-1.0014	0.00080744	1.9018e+23	6.0287e+23	-7.0978e+16	2.6821e+16	6.9464e+15	5.3377e+15	1.0543e+43	4.8378e+42	
62006	4/23/2019 	11:44:15	36.9		0.00029237	-1.0007	0.00082683	6.8955e+23	6.5001e+23	5.6448e+16	2.7625e+16	-3.9637e+15	5.3644e+15	7.7096e+41	4.0939e+42	
62007	4/23/2019 	11:45:00	37		0.00025878	-1.0022	0.00076582	-7.1236e+23	6.0834e+23	-1.2176e+17	2.7278e+16	9.2798e+15	5.0987e+15	-9.7988e+42	1.0014e+43	
62008	4/23/2019 	11:45:46	37		0.00036074	-1.0012	0.00091414	5.2823e+23	6.8706e+23	1.217e+17	4.07e+16	-1.2601e+16	5.2814e+15	3.7161e+42	6.7398e+42	
62009	4/23/2019 	11:46:31	37		0.00023563	-1.0011	0.0007483	6.5714e+23	5.8984e+23	8.2133e+16	2.4729e+16	-5.9264e+15	4.8158e+15	1.4381e+42	3.724e+42	
62010	4/23/2019 	11:47:16	37		0.00024866	-1.0012	0.00073509	8.9831e+23	5.7592e+23	2.0773e+15	3.1326e+16	4.5034e+15	4.481e+15	-2.1133e+43	1.0833e+43	
62011	4/23/2019 	11:48:02	37		0.00028647	-1.0018	0.00077933	7.069e+23	6.1043e+23	8.6568e+15	3.0785e+16	6.923e+15	5.4355e+15	-2.6731e+43	1.05e+43	
62012	4/23/2019 	11:48:47	37.1		0.00026738	-1.003	0.0007658	1.1943e+23	5.9835e+23	-9.4295e+16	2.9849e+16	1.4829e+15	4.9482e+15	1.5201e+43	4.155e+42	
62013	4/23/2019 	11:49:33	37.1		0.000401	-1.0038	0.0009703	-2.7602e+23	7.2314e+23	-2.1721e+16	2.6896e+16	1.0569e+16	6.5593e+15	1.433e+43	5.7116e+42	
62014	4/23/2019 	11:50:18	37.1		0.00029238	-1.0016	0.00083175	1.3664e+24	6.2105e+23	1.8196e+17	3.1035e+16	-8.8526e+14	5.3072e+15	5.9273e+42	6.3841e+42	
62015	4/23/2019 	11:51:03	37.1		0.00032299	-1.0022	0.00085547	1.2488e+24	6.6519e+23	-4.7869e+16	3.4093e+16	9.2431e+15	5.5567e+15	-4.1222e+43	1.1149e+43	
62016	4/23/2019 	11:51:49	37.1		0.0003089	-1.0027	0.00084419	1.4857e+24	6.4701e+23	1.2419e+17	3.2243e+16	2.1117e+15	5.4429e+15	1.1315e+43	5.3034e+42	
62017	4/23/2019 	11:52:34	37.2		0.00030633	-1.0036	0.00083102	5.7291e+23	6.4655e+23	-4.9793e+16	3.3163e+16	1.6948e+16	5.4253e+15	-3.2938e+43	1.0802e+43	
62018	4/23/2019 	11:53:19	37.2		0.00030718	-1.0039	0.00080329	9.093e+23	6.3311e+23	8.4358e+16	3.4736e+16	3.2093e+15	5.2957e+15	-4.1721e+43	1.1636e+43	
62019	4/23/2019 	11:54:05	37.2		0.00035601	-1.0035	0.00094347	2.3021e+24	7.4808e+23	1.2934e+17	2.3351e+16	-2.4664e+14	6.0129e+15	1.9061e+43	6.4854e+42	
62020	4/23/2019 	11:54:50	37.2		0.00029321	-1.0038	0.00083588	1.294e+24	6.6059e+23	1.0145e+17	2.7602e+16	-7.2706e+15	5.3759e+15	9.7701e+42	4.1446e+42	
62021	4/23/2019 	11:55:36	37.3		0.00031346	-1.0034	0.00089742	1.6887e+24	7.043e+23	8.8523e+16	2.0844e+16	9.3158e+15	5.6662e+15	1.4259e+43	5.0577e+42	
62022	4/23/2019 	11:56:21	37.3		0.00042724	-1.0034	0.00099262	2.1676e+24	7.4541e+23	7.714e+16	2.9058e+16	1.6907e+16	6.7753e+15	1.6447e+43	5.7057e+42	
62023	4/23/2019 	11:57:06	37.3		0.00040004	-1.0056	0.00096262	8.4582e+22	7.2145e+23	5.1016e+16	2.7874e+16	1.2974e+16	6.5802e+15	2.1856e+43	5.6092e+42	
62024	4/23/2019 	11:57:52	37.4		0.00042815	-1.0046	0.0009736	1.629e+24	7.5526e+23	1.0435e+17	3.7895e+16	1.978e+16	6.4023e+15	-3.7709e+43	1.2797e+43	
62025	4/23/2019 	11:58:37	37.4		0.00037262	-1.0044	0.00095832	1.6391e+24	7.2967e+23	9.7895e+16	2.9006e+16	7.1133e+15	6.1973e+15	1.7449e+43	5.3399e+42	
62026	4/23/2019 	11:59:23	37.4		0.00042204	-1.0029	0.00099689	2.1838e+24	7.5556e+23	1.121e+17	1.728e+16	1.1623e+16	6.6529e+15	7.5001e+42	5.0726e+42	
62027	4/23/2019 	12:00:08	37.4		0.00043802	-1.0045	0.0010438	1.7899e+24	8.059e+23	9.9063e+16	2.2842e+16	4.9815e+15	6.7268e+15	1.4435e+43	6.2303e+42	
62028	4/23/2019 	12:00:53	37.5		0.00048191	-1.0059	0.0010682	7.5215e+23	7.9259e+23	7.03e+16	2.9145e+16	1.0059e+16	7.0475e+15	2.1518e+43	6.9907e+42	
62029	4/23/2019 	12:01:39	37.5		0.0003923	-1.0045	0.00096005	1.9234e+24	7.1953e+23	2.7467e+17	3.604e+16	7.5241e+15	6.1513e+15	1.6602e+43	6.8643e+42	
62030	4/23/2019 	12:02:24	37.5		0.00047965	-1.0041	0.0010927	2.8161e+24	8.4423e+23	1.3149e+17	2.401e+16	6.1912e+15	7.0398e+15	1.9532e+43	6.548e+42	
62031	4/23/2019 	12:03:09	37.6		0.00047179	-1.0048	0.0010594	1.7349e+24	8.0067e+23	7.649e+16	1.9386e+16	1.1052e+16	6.9912e+15	1.8765e+43	5.7738e+42	
62032	4/23/2019 	12:03:55	37.6		0.00052918	-1.0043	0.0011229	1.982e+24	8.3825e+23	9.1502e+16	3.0153e+16	9.8187e+15	7.3158e+15	1.9449e+43	7.703e+42	
62033	4/23/2019 	12:04:40	37.6		0.00059671	-1.0027	0.0011642	3.7313e+24	9.5166e+23	1.8432e+17	3.685e+16	-5.5175e+15	7.81e+15	-1.0307e+43	1.4982e+43	
62034	4/23/2019 	12:05:26	37.7		0.00045435	-1.0042	0.0010612	2.1964e+24	8.4923e+23	1.6314e+17	2.6807e+16	6.7164e+15	6.813e+15	1.2507e+43	8.0318e+42	
62035	4/23/2019 	12:06:11	37.7		0.0005982	-1.0048	0.0011797	1.0971e+24	9.0884e+23	1.1818e+17	3.3679e+16	1.3806e+16	7.7789e+15	8.3494e+42	1.1843e+43	
62036	4/23/2019 	12:06:56	37.7		0.00043825	-1.0047	0.00095965	1.2412e+24	7.562e+23	1.3886e+17	4.1496e+16	3.9673e+15	6.3258e+15	-5.8343e+43	1.3925e+43	
62037	4/23/2019 	12:07:42	37.8		0.00050314	-1.0058	0.0010866	8.3541e+23	8.0552e+23	8.3153e+16	3.0827e+16	1.7457e+16	7.2847e+15	2.282e+43	7.0039e+42	
62038	4/23/2019 	12:08:27	37.8		0.00060186	-1.0038	0.0012277	2.7589e+24	9.6774e+23	1.6299e+17	2.8175e+16	2.1646e+15	7.8825e+15	1.9745e+43	7.9443e+42	
62039	4/23/2019 	12:09:12	37.9		0.00056554	-1.0062	0.0011527	2.7099e+23	8.6323e+23	7.0686e+16	2.0262e+16	1.3301e+16	7.6835e+15	2.0872e+43	6.6067e+42	
62040	4/23/2019 	12:09:58	37.9		0.00054112	-1.0062	0.0010955	1.1149e+24	8.5684e+23	2.5282e+17	4.6586e+16	2.5059e+16	6.9913e+15	3.0265e+43	5.9196e+42	
62041	4/23/2019 	12:10:43	37.9		0.000604	-1.005	0.0011234	2.2901e+24	8.8724e+23	1.8256e+17	4.8672e+16	8.473e+15	7.5853e+15	-7.9108e+43	1.6279e+43	
62042	4/23/2019 	12:11:29	38		0.00072762	-1.0062	0.001308	1.4114e+24	9.6938e+23	6.6616e+16	3.6694e+16	1.4318e+16	8.7455e+15	2.5817e+43	8.4081e+42	
62043	4/23/2019 	12:12:14	38		0.0005239	-1.0061	0.0011113	5.9497e+23	8.5203e+23	-2.5449e+17	4.6916e+16	8.8092e+15	7.3277e+15	-8.2534e+43	1.774e+43	
62044	4/23/2019 	12:12:59	38		0.00071088	-1.0053	0.0013139	1.1187e+24	9.9841e+23	5.0603e+16	2.6075e+16	1.055e+16	8.572e+15	1.9444e+43	7.4254e+42	
62045	4/23/2019 	12:13:45	38.1		0.00054556	-1.0059	0.0011332	6.7216e+23	8.5065e+23	2.9653e+16	1.9811e+16	3.4043e+15	7.5467e+15	1.9774e+43	6.1386e+42	
62046	4/23/2019 	12:14:30	38.1		0.00053109	-1.0057	0.00112	6.9091e+23	8.4283e+23	4.9055e+16	2.0279e+16	1.4399e+16	7.4258e+15	2.2015e+43	6.2561e+42	
62047	4/23/2019 	12:15:16	38.2		0.00058802	-1.0038	0.0011473	1.3261e+24	8.9916e+23	4.3216e+16	4.5362e+16	3.2756e+15	7.5949e+15	-5.2733e+43	1.4859e+43	
62048	4/23/2019 	12:16:01	38.2		0.00045417	-1.0071	0.00099826	6.5823e+23	7.71e+23	-2.6864e+17	3.9802e+16	7.2642e+15	6.4216e+15	2.7207e+43	5.6919e+42	
62049	4/23/2019 	12:16:46	38.3		0.00062412	-1.0058	0.001164	1.1967e+24	9.2417e+23	-2.2665e+17	5.0519e+16	1.6865e+16	7.0502e+15	-4.7892e+43	1.7424e+43	
62050	4/23/2019 	12:17:32	38.3		0.00063024	-1.006	0.0011374	8.846e+23	9.0367e+23	-1.0593e+17	4.8035e+16	1.4656e+16	7.8365e+15	-5.4053e+43	1.6221e+43	
62051	4/23/2019 	12:18:17	38.3		0.00075521	-1.0056	0.0012761	1.6918e+24	1.012e+24	-2.1592e+17	5.5389e+16	1.6657e+16	7.7561e+15	-4.5857e+43	1.9028e+43	
62052	4/23/2019 	12:19:03	38.4		0.00064885	-1.0049	0.0011826	2.3043e+24	9.3843e+23	-1.7667e+17	5.1401e+16	1.5904e+16	7.1921e+15	-5.6943e+43	1.7655e+43	
62053	4/23/2019 	12:19:48	38.4		0.00075693	-1.0054	0.0012569	1.6419e+24	9.9726e+23	-9.6962e+16	5.3876e+16	9.6253e+15	8.2921e+15	-6.6009e+43	1.7641e+43	
62054	4/23/2019 	12:20:33	38.5		0.00052892	-1.0072	0.0010793	8.0027e+23	8.3533e+23	-3.748e+17	4.2567e+16	7.1299e+15	6.9396e+15	3.0361e+43	6.2391e+42	
62055	4/23/2019 	12:21:19	38.5		0.0006365	-1.005	0.0011844	2.1676e+24	9.3947e+23	-1.9996e+17	5.1016e+16	1.4554e+16	7.1265e+15	-3.4406e+43	1.7754e+43	
62056	4/23/2019 	12:22:04	38.6		0.00051432	-1.0094	0.0010642	-2.7482e+23	8.2684e+23	-3.1855e+17	4.1612e+16	9.4711e+15	6.8518e+15	3.6241e+43	6.0527e+42	
62057	4/23/2019 	12:22:57	38.6		0.00041053	-1.0049	0.00099526	1.2145e+24	7.4265e+23	5.3272e+17	3.7318e+16	4.0525e+13	6.2823e+15	1.5564e+43	1.1213e+43	
62058	4/23/2019 	12:23:49	38.7		0.00041608	-1.0085	0.00095971	4.1474e+22	7.4379e+23	-3.2044e+17	3.7594e+16	7.7786e+15	6.1634e+15	3.2259e+43	5.6879e+42	
62059	4/23/2019 	12:24:42	38.7		0.0005867	-1.0087	0.0011409	8.3877e+23	8.785e+23	-3.5836e+17	4.5396e+16	8.9547e+15	7.3013e+15	3.5679e+43	7.0178e+42	
62060	4/23/2019 	12:25:34	38.8		0.00034099	-1.0048	0.00090165	7.4456e+23	6.8248e+23	6.6245e+17	3.4255e+16	1.6484e+15	5.7301e+15	2.784e+42	1.1053e+43	
62061	4/23/2019 	12:26:27	38.9		0.00037315	-1.0054	0.00094852	1.4182e+24	7.0847e+23	5.872e+17	3.562e+16	2.1783e+15	5.9904e+15	2.1629e+43	1.0759e+43	
62062	4/23/2019 	12:27:19	38.9		0.00048046	-1.0088	0.0010327	-4.5421e+23	7.9489e+23	-4.281e+17	4.1128e+16	1.0757e+16	6.6066e+15	3.6813e+43	6.3676e+42	
62063	4/23/2019 	12:28:12	39		0.00043842	-1.0085	0.00098585	-3.2941e+23	7.5918e+23	-4.5314e+17	3.9272e+16	1.2041e+16	6.3109e+15	3.5687e+43	6.0496e+42	
62064	4/23/2019 	12:29:04	39		0.00035521	-1.0045	0.00092455	1.0404e+24	6.9224e+23	6.5105e+17	3.4811e+16	-4.2124e+14	5.8438e+15	1.7871e+43	1.0694e+43	
62065	4/23/2019 	12:29:57	39.1		0.00037587	-1.0052	0.00094723	4.4318e+23	7.1631e+23	6.1741e+17	3.6011e+16	2.3473e+14	6.0162e+15	1.8341e+43	1.1558e+43	
62066	4/23/2019 	12:30:49	39.2		0.00028823	-1.003	0.00082718	1.9261e+24	6.2844e+23	6.1496e+17	3.1516e+16	-8.8837e+14	5.267e+15	1.7049e+43	1.0337e+43	
62067	4/23/2019 	12:31:42	39.2		0.00036795	-1.004	0.00093446	3.9917e+23	7.1024e+23	6.5395e+17	3.5629e+16	9.674e+14	5.9533e+15	1.9478e+43	1.1695e+43	
62068	4/23/2019 	12:32:35	39.3		0.00040272	-1.0062	0.00093293	-8.4668e+23	7.4118e+23	-5.6097e+17	3.5185e+16	7.6416e+14	6.4475e+15	-8.7068e+43	1.2226e+43	
62069	4/23/2019 	12:33:27	39.4		0.00034347	-1.0062	0.00086151	-1.4302e+24	6.8496e+23	-5.7423e+17	3.2407e+16	-3.1671e+14	5.9532e+15	-8.2743e+43	1.128e+43	
62070	4/23/2019 	12:34:20	39.4		0.00045567	-1.0056	0.0010026	-3.8734e+23	7.7914e+23	-6.1603e+17	3.9172e+16	1.2729e+16	6.4515e+15	2.7127e+43	5.7478e+42	
62071	4/23/2019 	12:35:12	39.5		0.00035932	-1.0016	0.00092474	9.1593e+23	7.0099e+23	6.8e+17	3.5156e+16	-4.6075e+14	5.8818e+15	2.9293e+43	1.1419e+43	
62072	4/23/2019 	12:36:05	39.6		0.00037268	-1.0022	0.00094069	5.405e+23	7.1493e+23	6.6123e+17	3.5874e+16	3.8315e+15	5.9934e+15	3.5644e+43	1.1719e+43	
62073	4/23/2019 	12:36:57	39.6		0.00041403	-1.0059	0.00095544	-1.844e+24	7.4276e+23	-6.9534e+17	3.7316e+16	1.457e+16	6.1496e+15	2.6667e+43	5.4439e+42	
62074	4/23/2019 	12:37:50	39.7		0.00044985	-1.0008	0.0010315	-2.9529e+23	7.8646e+23	7.4704e+17	3.9475e+16	1.7444e+15	6.5856e+15	4.4121e+43	1.3012e+43	
62075	4/23/2019 	12:38:42	39.8		0.00047173	-1.0048	0.0010191	-1.9997e+24	7.9155e+23	-7.4419e+17	3.9888e+16	1.74e+16	6.5612e+15	2.3545e+43	5.7969e+42	
62076	4/23/2019 	12:39:35	39.8		0.00043076	-1.0041	0.00097671	-9.3047e+23	7.5359e+23	-7.506e+17	3.8681e+16	1.4933e+16	6.2606e+15	2.0327e+43	5.9056e+42	
62077	4/23/2019 	12:40:27	39.9		0.00057271	-1.0016	0.001169	-1.8029e+24	8.8575e+23	7.5644e+17	4.4635e+16	-2.6042e+15	7.4351e+15	5.3669e+43	1.4294e+43	
62078	4/23/2019 	12:41:20	40		0.00051896	-1.0051	0.0010712	-4.2919e+24	8.2754e+23	-8.9693e+17	4.2327e+16	1.3672e+16	6.8735e+15	2.1189e+43	6.3843e+42	
62079	4/23/2019 	12:42:12	40		0.00058539	-1.0053	0.0011385	-4.4046e+24	8.796e+23	-9.1463e+17	4.4893e+16	1.4598e+16	7.3024e+15	2.2558e+43	6.8271e+42	
62080	4/23/2019 	12:43:05	40.1		0.0012711	-1.0025	0.001684	-1.5038e+24	1.3258e+24	-1.34e+17	6.9761e+16	-2.4915e+16	1.0517e+16	1.8482e+42	2.3745e+43	
62081	4/23/2019 	12:43:57	40.2		0.0013008	-1.0059	0.0017759	-3.3931e+24	1.3398e+24	-2.6164e+17	4.5279e+16	3.3266e+16	1.1513e+16	2.4462e+43	1.1253e+43	
62082	4/23/2019 	12:44:50	40.3		0.0015117	-1.0007	0.0018042	-2.0642e+24	1.4302e+24	-2.3813e+17	7.6301e+16	-3.0316e+16	1.1404e+16	-2.3198e+42	2.5388e+43	
62083	4/23/2019 	12:45:42	40.3		0.00048615	-1.0049	0.0010353	-5.0949e+24	8.0443e+23	-9.6116e+17	4.0442e+16	2.1658e+16	6.6626e+15	2.7412e+43	5.8847e+42	
62084	4/23/2019 	12:46:35	40.4		0.00051447	-1.005	0.0010652	-4.0903e+24	8.2747e+23	-9.6806e+17	4.1605e+16	1.7118e+16	6.8536e+15	2.0901e+43	6.0775e+42	
62085	4/23/2019 	12:47:27	40.5		0.0005765	-1.005	0.0011173	-5.679e+24	8.8744e+23	-1.0139e+18	4.2065e+16	-1.6169e+16	7.6899e+15	-7.6192e+43	1.4612e+43	
62086	4/23/2019 	12:48:20	40.6		0.0015618	-1.0023	0.0018481	-2.5286e+24	1.4729e+24	-2.3784e+17	7.887e+16	-3.2653e+16	1.1613e+16	-9.811e+42	2.6142e+43	
62087	4/23/2019 	12:49:22	40.7		0.00056899	-1.0047	0.0011226	-3.2393e+24	8.6816e+23	-8.8886e+17	4.4144e+16	1.2733e+16	7.2028e+15	2.1918e+43	6.734e+42	
62088	4/23/2019 	12:50:19	40.7		0.00052436	-1.0049	0.0010759	-2.8305e+24	8.3418e+23	-8.8202e+17	4.2163e+16	1.3857e+16	6.9167e+15	2.3056e+43	6.2602e+42	
62089	4/23/2019 	12:51:16	40.8		0.00061867	-1.0045	0.0011682	-2.5453e+24	9.0821e+23	-9.0999e+17	4.5639e+16	1.4477e+16	7.5182e+15	2.1479e+43	6.6901e+42	
62090	4/23/2019 	12:52:09	40.9		0.00057045	-1.0056	0.0011229	-2.4467e+24	8.7086e+23	-9.5104e+17	4.3977e+16	1.3223e+16	7.2164e+15	2.2377e+43	6.551e+42	
62091	4/23/2019 	12:53:03	41		0.00054389	-1.0043	0.0010958	-2.3618e+24	8.4963e+23	-9.8366e+17	4.2932e+16	1.5709e+16	7.0448e+15	2.0987e+43	6.3906e+42	
62092	4/23/2019 	12:53:56	41.1		0.00059067	-1.005	0.0011409	-2.622e+24	8.8587e+23	-9.5564e+17	4.4672e+16	1.4377e+16	7.3423e+15	2.1385e+43	6.5333e+42	
62093	4/23/2019 	12:54:50	41.1		0.00054327	-1.0054	0.0010959	-2.0409e+24	8.5004e+23	-9.7523e+17	4.2857e+16	1.5891e+16	7.0426e+15	1.9903e+43	6.3845e+42	
62094	4/23/2019 	12:55:44	41.2		0.00059627	-1.0048	0.0011473	-2.7195e+24	8.895e+23	-1.0306e+18	4.5018e+16	1.2488e+16	7.3758e+15	2.0145e+43	6.6894e+42	
62095	4/23/2019 	12:56:37	41.3		0.00062174	-1.0048	0.0011737	-2.7199e+24	9.0738e+23	-1.0052e+18	4.622e+16	1.4443e+16	7.5285e+15	1.8984e+43	7.0484e+42	
62096	4/23/2019 	12:57:31	41.4		0.00055673	-1.0049	0.0011083	-2.3649e+24	8.5917e+23	-1.0239e+18	4.3491e+16	1.3142e+16	7.1261e+15	2.0071e+43	6.4513e+42	
62097	4/23/2019 	12:58:24	41.5		0.0015905	-1.0002	0.0018573	2.0421e+24	1.4818e+24	-1.8706e+17	8.0306e+16	-3.6515e+16	1.169e+16	-1.0426e+42	2.6229e+43	
62098	4/23/2019 	12:59:18	41.6		0.0016522	-1.002	0.0018955	-2.3434e+23	1.5145e+24	-2.0403e+17	8.2441e+16	-3.6105e+16	1.1912e+16	-1.0731e+42	2.6804e+43	
62099	4/23/2019 	13:00:11	41.7		0.0018237	-1.0018	0.0019858	2.8648e+22	1.5769e+24	-1.9286e+17	8.4324e+16	-3.7507e+16	1.2528e+16	-3.3898e+42	2.7973e+43	
62100	4/23/2019 	13:01:05	41.7		0.0016679	-1.0004	0.0019076	1.4129e+24	1.5122e+24	-1.9184e+17	8.021e+16	-3.5201e+16	1.2004e+16	9.606e+42	2.6944e+43	
62101	4/23/2019 	13:01:58	41.8		0.0023208	-1.0063	0.0022449	-3.7254e+24	1.788e+24	-9.7787e+17	8.3091e+16	7.6834e+14	1.5395e+16	-1.5878e+44	2.9424e+43	
62102	4/23/2019 	13:03:02	41.9		10.724	-0.94695	0.15916	1.9395e+26	1.2119e+26	3.1277e+19	6.0386e+18	-2.4221e+17	1.0137e+18	-3.5322e+45	2.0418e+45	
62103	4/23/2019 	13:04:04	42		0.76928	-0.39955	0.041265	-7.0671e+25	3.2332e+25	-8.8265e+18	1.6043e+18	7.529e+17	2.7091e+17	-1.803e+45	5.4477e+44	
62104	4/23/2019 	13:17:08	43.4		0.0012294	-1.0036	0.0016303	-9.0792e+24	1.2972e+24	-1.61e+18	6.1065e+16	-3.5991e+16	1.1254e+16	-6.2904e+43	2.135e+43	
62105	4/23/2019 	13:18:06	43.5		0.008353	-1.0185	0.0042816	-6.3088e+24	3.3543e+24	-8.182e+17	1.3976e+17	-7.6926e+16	3.3606e+16	-1.1662e+45	2.8025e+44	
62106	4/23/2019 	13:19:13	43.6		0.001475	-1.0036	0.0017881	-1.1012e+25	1.4225e+24	-1.7011e+18	6.6691e+16	-3.179e+16	1.2295e+16	-7.1896e+43	2.3424e+43	
62107	4/23/2019 	13:20:15	43.7		0.0014642	-1.0032	0.0017798	-1.1808e+25	1.4164e+24	-1.7208e+18	6.661e+16	-3.6789e+16	1.2274e+16	-6.1895e+43	2.3313e+43	
62108	4/23/2019 	13:21:17	43.9		0.0013875	-1.0033	0.0017299	-1.2379e+25	1.3771e+24	-1.8571e+18	6.5139e+16	-4.2024e+16	1.1991e+16	-7.2465e+43	2.2685e+43	
62109	4/23/2019 	13:22:19	44		0.0012768	-1.0029	0.0016633	-1.2228e+25	1.3233e+24	-1.8265e+18	6.2084e+16	-3.7022e+16	1.1441e+16	-7.0017e+43	2.1773e+43	
62110	4/23/2019 	13:23:20	44.1		0.0017254	-1.0035	0.0019328	-1.3052e+25	1.5379e+24	-1.837e+18	7.2287e+16	-4.0483e+16	1.3312e+16	-5.4073e+43	2.5312e+43	
62111	4/23/2019 	13:24:22	44.2		0.0013144	-1.0027	0.0016806	-1.0632e+25	1.3392e+24	-1.8447e+18	6.3733e+16	-4.2338e+16	1.1743e+16	-5.4632e+43	2.2143e+43	
62112	4/23/2019 	13:25:24	44.3		0.0017154	-1.0021	0.0019293	-1.1073e+25	1.5341e+24	-1.8743e+18	7.1774e+16	-4.6898e+16	1.324e+16	-6.1198e+43	2.5238e+43	
62113	4/23/2019 	13:26:22	44.4		0.0015334	-1.0022	0.0018208	-1.0324e+25	1.449e+24	-1.9109e+18	6.8276e+16	-4.5728e+16	1.2574e+16	-6.2845e+43	2.388e+43	
62114	4/23/2019 	13:27:21	44.5		0.0014169	-1.0025	0.0017437	-1.0639e+25	1.3899e+24	-1.938e+18	6.6296e+16	-4.5159e+16	1.2224e+16	-7.2845e+43	2.3012e+43	
62115	4/23/2019 	13:28:23	44.7		0.3867	-0.31133	0.03056	2.1441e+26	2.3061e+25	-5.7386e+18	1.1359e+18	1.8887e+17	1.9108e+17	1.8606e+45	3.2207e+44	
62116	4/23/2019 	13:35:03	45.5		0.0026664	-0.9987	0.0023989	-1.5103e+25	1.9108e+24	-2.2956e+18	8.9975e+16	-5.865e+16	1.6608e+16	-4.1014e+43	3.1494e+43	
62117	4/23/2019 	13:36:13	45.6		0.0031265	-0.99878	0.0026023	-1.5437e+25	2.0727e+24	-2.2933e+18	9.6919e+16	-5.566e+16	1.7914e+16	-3.3717e+43	3.4121e+43	
62118	4/23/2019 	13:37:23	45.7		0.0028664	-0.99847	0.0024865	-1.5659e+25	1.9813e+24	-2.4659e+18	9.3259e+16	-5.8547e+16	1.7233e+16	-4.3473e+43	3.2616e+43	
62119	4/23/2019 	13:38:33	45.9		0.003042	-0.99791	0.0025689	-1.5114e+25	2.0448e+24	-2.3643e+18	9.5301e+16	-5.7246e+16	1.7631e+16	-2.2327e+43	3.3549e+43	
62120	4/23/2019 	13:39:42	46		0.0027464	-0.99716	0.0024361	-1.4989e+25	1.9403e+24	-2.4627e+18	9.1149e+16	-6.397e+16	1.6827e+16	-3.6812e+43	3.1941e+43	
62121	4/23/2019 	13:40:51	46.2		0.0030974	-0.99617	0.0025823	-1.6106e+25	2.0593e+24	-2.5371e+18	9.6912e+16	-6.8101e+16	1.7968e+16	-3.5821e+43	3.3862e+43	
62122	4/23/2019 	13:42:00	46.3		0.0030935	-0.99686	0.002585	-1.5595e+25	2.0595e+24	-2.563e+18	9.68e+16	-6.7042e+16	1.7875e+16	-3.7718e+43	3.3893e+43	
62123	4/23/2019 	13:43:09	46.4		0.0073357	-0.9992	0.0040539	-1.2462e+25	3.2193e+24	-2.3439e+18	1.4611e+17	-4.2596e+16	2.7039e+16	-3.9176e+43	5.2825e+43	
62124	4/23/2019 	13:44:17	46.6		0.0028546	-0.99906	0.0024831	-1.524e+25	1.9783e+24	-2.5395e+18	9.2947e+16	-5.8479e+16	1.7166e+16	-4.6265e+43	3.2603e+43	
62125	4/23/2019 	13:45:27	46.7		0.0030489	-0.99934	0.0025657	-1.362e+25	2.0438e+24	-2.5338e+18	9.6107e+16	-6.3092e+16	1.7754e+16	-3.1307e+43	3.3631e+43	
62126	4/23/2019 	13:46:32	46.9		0.0031429	-0.9997	0.0026034	-1.3975e+25	2.0742e+24	-2.5898e+18	9.7643e+16	-6.1317e+16	1.8055e+16	-4.2741e+43	3.4145e+43	
62127	4/23/2019 	13:47:38	47		0.0030422	-1.0011	0.0025649	-1.4203e+25	2.0433e+24	-2.5891e+18	9.5767e+16	-5.2687e+16	1.7703e+16	-5.0368e+43	3.3681e+43	
62128	4/23/2019 	13:48:44	47.2		0.0027424	-1.0009	0.0024319	-1.3048e+25	1.9373e+24	-2.5998e+18	9.1265e+16	-5.9182e+16	1.6861e+16	-6.3044e+43	3.184e+43	
62129	4/23/2019 	13:49:49	47.3		0.002816	-1.0019	0.0024639	-1.3291e+25	1.9623e+24	-2.6245e+18	9.27e+16	-6.0099e+16	1.7097e+16	-7.0352e+43	3.2331e+43	
62130	4/23/2019 	13:50:53	47.4		0.0028796	-1.0031	0.0024965	-1.3436e+25	1.9882e+24	-2.5587e+18	9.3222e+16	-5.6066e+16	1.72e+16	-7.7643e+43	3.2723e+43	
62131	4/23/2019 	13:51:57	47.6		0.0028257	-1.0029	0.0024694	-1.2926e+25	1.9667e+24	-2.6222e+18	9.2477e+16	-5.4136e+16	1.7103e+16	-8.4195e+43	3.2367e+43	
62132	4/23/2019 	13:53:01	47.7		0.0028733	-1.0031	0.0024875	-1.3576e+25	1.9822e+24	-2.706e+18	9.3694e+16	-6.0474e+16	1.7303e+16	-6.4983e+43	3.2699e+43	
62133	4/23/2019 	13:54:04	47.8		0.0028912	-1.0037	0.0024989	-1.4411e+25	1.9906e+24	-2.8101e+18	9.3668e+16	-5.6714e+16	1.7283e+16	-8.6659e+43	3.2799e+43	
62134	4/23/2019 	13:55:09	48		0.0032873	-1.0025	0.0026667	-1.3341e+25	2.1236e+24	-2.7975e+18	9.959e+16	-5.9074e+16	1.8387e+16	-7.9786e+43	3.4956e+43	
62135	4/23/2019 	13:56:11	48.1		0.0089643	-1.0012	0.0045715	-9.6855e+23	3.4641e+24	-1.4212e+18	1.3239e+17	4.2018e+16	3.0142e+16	1.6482e+42	4.5578e+43	
62136	4/23/2019 	13:57:14	48.3		0.0092383	-1.0021	0.0046302	-1.0196e+24	3.523e+24	-1.3526e+18	1.3502e+17	4.9114e+16	3.0614e+16	5.5292e+42	4.8161e+43	
62137	4/23/2019 	13:58:17	48.4		0.011293	-0.99413	0.005337	-1.8781e+24	4.0197e+24	-5.6999e+17	1.6474e+17	-1.6414e+17	3.4136e+16	-6.2784e+43	3.5268e+43	
62138	4/23/2019 	13:59:20	48.5		0.010796	-1.0002	0.0050869	-2.3707e+24	3.7665e+24	-1.1999e+18	1.4516e+17	-8.1338e+16	3.3615e+16	-2.0216e+43	3.3586e+43	
62139	4/23/2019 	14:00:23	48.7		0.010296	-1.0006	0.0048905	-5.9864e+23	3.7238e+24	-1.4816e+18	1.4303e+17	4.9715e+16	3.2336e+16	7.4132e+42	5.133e+43	
62140	4/23/2019 	14:01:25	48.8		0.010287	-1.0017	0.0048917	-1.7801e+24	3.7253e+24	-1.4962e+18	1.4355e+17	5.1091e+16	3.2331e+16	7.0314e+42	5.1429e+43	
62141	4/23/2019 	14:02:28	49		0.011072	-1.0011	0.0050965	-1.4787e+24	3.8445e+24	-1.5456e+18	1.4605e+17	2.7826e+16	3.3496e+16	-4.1079e+42	4.8302e+43	
62142	4/23/2019 	14:03:31	49.1		0.011054	-0.99973	0.0050619	-6.7068e+23	3.8636e+24	-1.5641e+18	1.4873e+17	5.821e+16	3.3521e+16	-2.9492e+42	5.4313e+43	
62143	4/23/2019 	14:04:34	49.2		0.012097	-1.0017	0.0053117	-2.4781e+23	3.982e+24	-1.5696e+18	1.5013e+17	8.0495e+16	3.4869e+16	2.473e+43	4.5122e+43	
62144	4/23/2019 	14:05:37	49.4		0.012256	-1.003	0.0053474	-3.801e+24	4.0462e+24	-1.6414e+18	1.5435e+17	4.4832e+16	3.5233e+16	7.239e+42	5.2463e+43	
62145	4/23/2019 	14:06:51	49.5		0.013191	-1.0023	0.0055679	-3.4389e+24	4.1866e+24	-1.6695e+18	1.5914e+17	2.0053e+16	3.6549e+16	2.0324e+42	5.0779e+43	
62146	4/23/2019 	14:08:05	49.7		0.013621	-1.0019	0.0056452	-2.4424e+24	4.2569e+24	-1.7248e+18	1.6214e+17	3.9267e+16	3.713e+16	8.2241e+42	5.3316e+43	
62147	4/23/2019 	14:09:19	49.9		0.014499	-1.0053	0.005863	-2.9399e+24	4.3541e+24	-1.4918e+18	1.5921e+17	9.2765e+16	3.8545e+16	3.7836e+43	3.8877e+43	
62148	4/23/2019 	14:10:33	50		0.014507	-1.0044	0.0058464	-2.5393e+24	4.3502e+24	-1.5743e+18	1.6133e+17	9.5346e+16	3.827e+16	3.3095e+43	4.2169e+43	
62149	4/23/2019 	14:11:46	50.2		0.013188	-1.0067	0.0053677	-6.7494e+24	4.2153e+24	-1.1561e+18	9.308e+16	7.9604e+16	2.9216e+16	8.0923e+43	2.7211e+43	
62150	4/23/2019 	14:12:59	50.4		0.014779	-1.0134	0.00599	-1.3823e+25	4.6821e+24	-1.458e+18	1.371e+17	1.0157e+16	3.9183e+16	4.5834e+43	2.9121e+43	
62151	4/23/2019 	14:14:12	50.6		0.014063	-1.0071	0.005581	-7.9631e+24	4.3737e+24	-1.1749e+18	8.9483e+16	8.4041e+16	3.0566e+16	8.6637e+43	2.8312e+43	
62152	4/23/2019 	14:15:25	50.7		0.013906	-1.007	0.0055029	-6.9082e+24	4.3244e+24	-1.2152e+18	9.6077e+16	8.306e+16	2.9955e+16	8.6038e+43	2.7922e+43	
62153	4/23/2019 	14:16:38	50.9		0.018479	-0.99018	0.0063172	1.7779e+24	5.0243e+24	-7.1309e+17	2.7029e+17	-1.7866e+17	3.986e+16	1.8783e+44	8.8928e+43	
62154	4/23/2019 	14:17:51	51.1		0.021335	-0.99884	0.0070441	-3.5289e+24	5.4122e+24	6.3517e+17	2.9493e+17	7.206e+16	4.1707e+16	4.0769e+44	1.0233e+44	
62155	4/23/2019 	14:19:04	51.2		0.021187	-0.99835	0.0072882	-1.3902e+24	5.4208e+24	7.3179e+17	3.0061e+17	3.3676e+16	4.316e+16	4.7915e+44	1.1754e+44	
62156	4/23/2019 	14:20:17	51.4		0.022925	-0.99516	0.007595	3.468e+23	5.6942e+24	-5.7696e+17	3.3152e+17	-2.7106e+16	4.361e+16	4.5214e+44	1.1645e+44	
62157	4/23/2019 	14:21:30	51.6		0.023557	-0.99381	0.0073063	7.4045e+23	5.7991e+24	-9.2371e+17	3.1183e+17	-4.0475e+16	4.3544e+16	4.0893e+44	1.0998e+44	
62158	4/23/2019 	14:22:43	51.7		0.024041	-0.99638	0.0078336	-5.7592e+23	5.862e+24	-5.2408e+17	3.4034e+17	-3.9624e+16	4.3798e+16	4.4782e+44	1.2238e+44	
62159	4/23/2019 	14:23:57	51.9		0.025808	-0.99796	0.0080428	-2.5514e+24	6.039e+24	-7.991e+17	3.5202e+17	-3.2756e+16	4.6359e+16	5.0642e+44	1.2397e+44	
62160	4/23/2019 	14:25:22	52.1		0.027477	-0.99811	0.0079569	-4.416e+24	6.1306e+24	5.1663e+17	3.3483e+17	5.9667e+16	4.9231e+16	5.9194e+44	1.1904e+44	
62161	4/23/2019 	14:26:47	52.3		0.028832	-0.9949	0.0080102	-1.2755e+24	6.3604e+24	-1.0083e+18	3.4431e+17	-4.3836e+16	4.7988e+16	4.6115e+44	1.2011e+44	
62162	4/23/2019 	14:28:13	52.5		0.029892	-0.99395	0.0080674	-6.7785e+23	6.4068e+24	-8.9813e+17	3.498e+17	-4.4177e+16	4.8783e+16	4.9224e+44	1.2068e+44	
62163	4/23/2019 	14:29:38	52.7		0.030381	-0.98616	0.0080968	4.8024e+23	6.4264e+24	-9.9022e+17	3.4321e+17	-2.1911e+17	5.1123e+16	2.8906e+44	1.1397e+44	
62164	4/23/2019 	14:31:03	52.9		0.032659	-0.99265	0.0084656	-1.4408e+24	6.7179e+24	-8.1978e+17	3.6554e+17	-4.5632e+16	5.1006e+16	5.2562e+44	1.2685e+44	
62165	4/23/2019 	14:32:28	53.1		0.031411	-0.98406	0.0082304	1.5388e+24	6.5421e+24	-9.0134e+17	3.512e+17	-2.2989e+17	5.1968e+16	3.2214e+44	1.1606e+44	
62166	4/23/2019 	14:33:54	53.4		0.03342	-0.9832	0.0084986	1.3497e+24	6.7535e+24	-9.2389e+17	3.6148e+17	-2.3637e+17	5.3619e+16	3.0654e+44	1.1977e+44	
62167	4/23/2019 	14:35:19	53.6		0.034534	-0.98197	0.0086229	1.4098e+24	6.837e+24	-9.4903e+17	3.6493e+17	-2.4288e+17	5.4502e+16	3.3627e+44	1.2139e+44	
62168	4/23/2019 	14:36:44	53.8		0.035689	-0.98116	0.008769	1.5511e+24	6.9609e+24	-9.6527e+17	3.7236e+17	-2.5063e+17	5.5401e+16	3.4959e+44	1.233e+44	
62169	4/23/2019 	14:38:10	54		0.036692	-0.98005	0.0089062	3.6122e+24	7.0484e+24	-1.1629e+18	3.7348e+17	-2.4031e+17	5.6205e+16	3.3193e+44	1.253e+44	
62170	4/23/2019 	14:39:35	54.2		0.015904	-0.99451	0.005918	-1.5417e+25	4.6103e+24	-5.5196e+18	2.3061e+17	8.9584e+16	3.8132e+16	-5.5697e+42	3.3278e+43	
62171	4/23/2019 	14:41:15	54.4		0.0167	-0.99152	0.006071	-1.2224e+25	4.7151e+24	-5.5355e+18	2.3738e+17	8.5079e+16	3.9055e+16	-1.3599e+43	3.4925e+43	
62172	4/23/2019 	14:42:55	54.7		0.017517	-0.99223	0.0062154	-1.3566e+25	4.8345e+24	-5.7754e+18	2.4248e+17	8.7835e+16	4.0011e+16	-1.2903e+43	3.533e+43	
62173	4/23/2019 	14:44:34	54.9		0.018841	-0.99124	0.0064484	-1.2545e+25	5.0086e+24	-5.7971e+18	2.5213e+17	8.408e+16	4.1485e+16	-1.874e+43	3.7082e+43	
62174	4/23/2019 	14:46:14	55.2		0.018617	-0.99156	0.0064079	-1.2354e+25	4.9809e+24	-5.978e+18	2.5006e+17	9.2827e+16	4.1242e+16	-1.4707e+43	3.6621e+43	
62175	4/23/2019 	14:47:53	55.4		0.037825	-0.9841	0.0092792	-4.7294e+24	7.2086e+24	3.933e+18	3.6185e+17	8.426e+16	6.0292e+16	9.3261e+44	1.2284e+44	
62176	4/23/2019 	14:49:33	55.7		0.039785	-0.98183	0.0095506	-5.5096e+24	7.4182e+24	4.0688e+18	3.7335e+17	5.4256e+16	6.1962e+16	9.1429e+44	1.2595e+44	
62177	4/23/2019 	14:51:13	55.9		0.043324	-0.99703	0.0099129	-5.9792e+24	7.6934e+24	-3.1317e+18	3.0111e+17	2.1872e+17	6.6462e+16	1.0133e+44	1.1802e+44	
62178	4/23/2019 	14:52:52	56.2		0.045137	-0.98226	0.010151	-5.5693e+24	7.8866e+24	4.2128e+18	3.9662e+17	7.9382e+16	6.5924e+16	9.959e+44	1.3411e+44	
62179	4/23/2019 	14:54:32	56.4		0.045805	-0.98155	0.010233	-5.1306e+24	7.9508e+24	4.2453e+18	3.9969e+17	6.584e+16	6.6439e+16	9.917e+44	1.351e+44	
62180	4/23/2019 	14:56:11	56.7		0.0477	-0.9804	0.010405	-2.2786e+24	8.0836e+24	4.1132e+18	4.0556e+17	9.7624e+16	6.7659e+16	1.0532e+45	1.3777e+44	
62181	4/23/2019 	14:57:51	56.9		0.050362	-0.97979	0.010721	-3.4473e+24	8.3298e+24	4.3319e+18	4.185e+17	7.5319e+16	6.9636e+16	1.0601e+45	1.4203e+44	
62182	4/23/2019 	14:59:31	57.2		0.0524	-0.97896	0.010905	-2.6407e+24	8.4734e+24	4.2364e+18	4.249e+17	9.8168e+16	7.092e+16	1.1038e+45	1.4409e+44	
62183	4/23/2019 	15:01:10	57.4		0.055881	-0.97976	0.011258	-3.2686e+24	8.7468e+24	4.2383e+18	4.3838e+17	1.0427e+17	7.3225e+16	1.1178e+45	1.4867e+44	
62184	4/23/2019 	15:02:50	57.7		0.058661	-0.97811	0.011583	-3.387e+24	9.001e+24	4.6033e+18	4.5257e+17	7.1335e+16	7.5206e+16	1.1362e+45	1.5299e+44	
62185	4/23/2019 	15:04:29	57.9		0.061257	-0.9784	0.011822	-3.5907e+24	9.1875e+24	4.6108e+18	4.6219e+17	8.8129e+16	7.6799e+16	1.1811e+45	1.5654e+44	
62186	4/23/2019 	15:06:09	58.2		0.072375	-0.97734	0.012713	3.4925e+24	9.8618e+24	3.3458e+18	4.9306e+17	1.8801e+17	8.3158e+16	1.2314e+45	1.6698e+44	
62187	4/23/2019 	15:07:49	58.5		0.067886	-0.9763	0.012405	-8.9162e+23	9.6388e+24	4.5281e+18	4.8372e+17	1.1248e+17	8.0707e+16	1.2527e+45	1.6403e+44	
62188	4/23/2019 	15:09:28	58.7		0.070232	-0.97434	0.012666	-2.1338e+24	9.8442e+24	4.8691e+18	4.9483e+17	7.2702e+16	8.2277e+16	1.2371e+45	1.6718e+44	
62189	4/23/2019 	15:11:08	59		0.074607	-0.97574	0.013026	-1.6137e+24	1.0125e+25	4.8055e+18	5.0866e+17	9.7438e+16	8.47e+16	1.3017e+45	1.7233e+44	
62190	4/23/2019 	15:12:47	59.2		0.076309	-0.97532	0.013145	9.225e+23	1.0214e+25	4.7142e+18	5.1265e+17	1.2473e+17	8.5554e+16	1.3488e+45	1.7406e+44	
62191	4/23/2019 	15:14:27	59.5		0.08018	-0.9742	0.013511	-1.0368e+24	1.05e+25	5.0044e+18	5.2807e+17	9.9809e+16	8.7824e+16	1.3604e+45	1.7861e+44	
62192	4/23/2019 	15:16:06	59.7		0.084259	-0.97385	0.013836	1.2849e+23	1.0753e+25	4.9193e+18	5.3997e+17	1.133e+17	8.998e+16	1.4124e+45	1.8301e+44	
62193	4/23/2019 	15:17:46	60		0.088593	-0.97269	0.014156	2.6692e+24	1.0996e+25	4.8548e+18	5.5142e+17	1.3515e+17	9.2144e+16	1.453e+45	1.8708e+44	
62194	4/23/2019 	15:19:26	60.3		0.097132	-0.97252	0.014784	4.4849e+24	1.1477e+25	4.395e+18	5.7537e+17	1.6774e+17	9.6364e+16	1.5219e+45	1.9563e+44	
62195	4/23/2019 	15:21:06	60.5		0.102	-0.97043	0.015144	5.4369e+24	1.1755e+25	4.4284e+18	5.8839e+17	1.7003e+17	9.8733e+16	1.5532e+45	1.9978e+44	
62196	4/23/2019 	15:22:43	60.8		0.10187	-0.96926	0.015163	4.3584e+24	1.1779e+25	5.0001e+18	5.9045e+17	1.4607e+17	9.8782e+16	1.5791e+45	2.0024e+44	
62197	4/23/2019 	15:24:21	61		0.11481	-0.96861	0.016028	7.5989e+24	1.2435e+25	4.2894e+18	6.226e+17	1.935e+17	1.0473e+17	1.6027e+45	2.1141e+44	
62198	4/23/2019 	15:25:59	61.3		0.11581	-0.96983	0.016176	4.0342e+24	1.2564e+25	5.0635e+18	6.3015e+17	1.5234e+17	1.0533e+17	1.6676e+45	2.1396e+44	
62199	4/23/2019 	15:27:36	61.5		0.11625	-0.96956	0.016275	8.2937e+23	1.2654e+25	5.6093e+18	6.3724e+17	1.0616e+17	1.0581e+17	1.6445e+45	2.1589e+44	
62200	4/23/2019 	15:29:14	61.8		0.12279	-0.96883	0.016675	3.872e+24	1.2956e+25	5.3552e+18	6.4973e+17	1.4033e+17	1.0854e+17	1.6974e+45	2.2044e+44	
62201	4/23/2019 	15:30:51	62.1		0.12425	-0.9673	0.016805	3.0652e+24	1.3067e+25	5.7385e+18	6.5713e+17	1.1322e+17	1.0933e+17	1.7231e+45	2.2235e+44	
62202	4/23/2019 	15:32:27	62.3		0.12721	-0.96838	0.016974	5.0815e+24	1.3184e+25	5.5632e+18	6.6185e+17	1.503e+17	1.1044e+17	1.7506e+45	2.2446e+44	
62203	4/23/2019 	15:34:04	62.6		0.1308	-0.97013	0.017214	5.2822e+24	1.3368e+25	5.6343e+18	6.7057e+17	1.5782e+17	1.1198e+17	1.7695e+45	2.2799e+44	
62204	4/23/2019 	15:35:40	62.8		0.13677	-0.96929	0.017599	7.3897e+24	1.3664e+25	5.6068e+18	6.8472e+17	1.6347e+17	1.1447e+17	1.7799e+45	2.3268e+44	
62205	4/23/2019 	15:37:17	63.1		0.13622	-0.96744	0.017559	7.0326e+24	1.365e+25	6.0306e+18	6.8506e+17	1.4276e+17	1.1436e+17	1.8066e+45	2.3194e+44	
62206	4/23/2019 	15:38:54	63.3		0.13961	-0.96913	0.017809	6.2396e+24	1.3837e+25	6.1357e+18	6.9399e+17	1.3588e+17	1.1581e+17	1.8031e+45	2.3575e+44	
62207	4/23/2019 	15:40:30	63.6		0.14125	-0.96729	0.017888	7.8047e+24	1.391e+25	6.4358e+18	6.9864e+17	1.4409e+17	1.165e+17	1.8538e+45	2.3631e+44	
62208	4/23/2019 	15:42:07	63.9		0.14235	-0.96617	0.018039	5.0497e+24	1.4024e+25	6.7881e+18	7.0608e+17	9.0376e+16	1.172e+17	1.8082e+45	2.3843e+44	
62209	4/23/2019 	15:43:43	64.1		0.15105	-0.96546	0.018511	8.7969e+24	1.4398e+25	6.617e+18	7.2316e+17	1.3294e+17	1.2052e+17	1.9096e+45	2.4488e+44	
62210	4/23/2019 	15:45:20	64.4		0.15185	-0.96508	0.018599	1.2209e+25	1.4438e+25	6.7901e+18	7.2337e+17	1.4403e+17	1.2077e+17	1.9062e+45	2.4596e+44	
62211	4/23/2019 	15:46:57	64.6		0.1642	-0.97001	0.019362	3.7022e+24	1.5049e+25	7.007e+18	7.5666e+17	1.1904e+17	1.2581e+17	1.956e+45	2.5558e+44	
62212	4/23/2019 	15:48:53	64.9		0.17499	-0.96725	0.019921	5.8912e+24	1.5492e+25	6.9592e+18	7.7801e+17	1.4784e+17	1.2971e+17	2.0405e+45	2.6336e+44	
62213	4/23/2019 	15:50:49	65.2		0.17737	-0.9678	0.020101	9.1725e+24	1.5606e+25	7.1172e+18	7.8264e+17	1.5238e+17	1.3054e+17	2.0438e+45	2.6545e+44	
62214	4/23/2019 	15:52:45	65.6		0.19101	-0.96374	0.020777	8.3187e+24	1.6161e+25	7.079e+18	8.1283e+17	1.7095e+17	1.3544e+17	2.1909e+45	2.743e+44	
62215	4/23/2019 	15:54:41	65.9		0.22723	-0.95882	0.022567	1.6023e+25	1.7526e+25	6.4339e+18	8.7955e+17	2.316e+17	1.4743e+17	2.2866e+45	2.9772e+44	
62216	4/23/2019 	15:56:37	66.2		0.23083	-0.95637	0.022904	8.1623e+24	1.7809e+25	7.561e+18	8.9665e+17	1.4903e+17	1.4903e+17	2.4212e+45	3.0329e+44	
62217	4/23/2019 	15:58:33	66.5		0.24871	-0.95117	0.023748	1.1096e+25	1.8468e+25	7.4916e+18	9.2773e+17	1.5862e+17	1.5464e+17	2.5045e+45	3.1333e+44	
62218	4/23/2019 	16:00:29	66.8		0.27501	-0.94494	0.02495	1.2979e+25	1.9395e+25	7.4655e+18	9.7418e+17	1.7815e+17	1.6253e+17	2.6876e+45	3.2964e+44	
62219	4/23/2019 	16:02:25	67.1		0.30801	-0.93809	0.026304	1.4861e+25	2.045e+25	7.1055e+18	1.0276e+18	1.987e+17	1.7184e+17	2.8494e+45	3.4642e+44	
62220	4/23/2019 	16:04:21	67.4		0.33073	-0.9336	0.02735	1.4529e+25	2.1265e+25	7.5563e+18	1.0693e+18	1.8273e+17	1.7825e+17	2.9789e+45	3.6145e+44	
62221	4/23/2019 	16:06:17	67.7		0.34318	-0.92878	0.027812	1.9953e+25	2.1603e+25	7.4074e+18	1.0838e+18	2.0833e+17	1.8134e+17	3.0567e+45	3.6672e+44	
62222	4/23/2019 	16:08:13	68.1		0.36535	-0.92855	0.028767	1.9059e+25	2.2336e+25	7.6214e+18	1.1186e+18	2.0927e+17	1.8717e+17	3.1201e+45	3.8064e+44	
62223	4/23/2019 	16:10:09	68.4		0.36956	-0.92605	0.028934	2.3837e+25	2.2456e+25	7.717e+18	1.1236e+18	2.2293e+17	1.8816e+17	3.1828e+45	3.8214e+44	
62224	4/23/2019 	16:12:06	68.7		0.39233	-0.92277	0.029737	2.1556e+25	2.3096e+25	7.9292e+18	1.1581e+18	2.2436e+17	1.9389e+17	3.3136e+45	3.9191e+44	
62225	4/23/2019 	16:14:20	69.1		0.41518	-0.9224	0.030596	2.2002e+25	2.3769e+25	8.1843e+18	1.1939e+18	2.271e+17	1.9951e+17	3.4385e+45	4.0361e+44	
62226	4/23/2019 	16:16:35	69.4		0.43008	-0.91841	0.031161	2.2422e+25	2.4215e+25	8.4395e+18	1.2159e+18	2.1834e+17	2.0314e+17	3.4877e+45	4.1161e+44	
62227	4/23/2019 	16:18:49	69.8		0.45799	-0.91475	0.032143	2.5249e+25	2.4971e+25	8.6581e+18	1.2532e+18	2.3223e+17	2.0958e+17	3.635e+45	4.2391e+44	
62228	4/23/2019 	16:21:04	70.1		0.52473	-0.90855	0.034271	2.9188e+25	2.6632e+25	8.2667e+18	1.3396e+18	2.4082e+17	2.2417e+17	3.7942e+45	4.517e+44	
62229	4/23/2019 	16:23:19	70.5		0.52772	-0.91056	0.03454	2.3397e+25	2.6841e+25	9.2535e+18	1.3484e+18	2.3107e+17	2.2511e+17	3.9221e+45	4.5559e+44	
62230	4/23/2019 	16:25:57	70.9		0.55349	-0.90277	0.035316	3.027e+25	2.7435e+25	9.147e+18	1.3769e+18	2.5058e+17	2.3035e+17	4.0949e+45	4.6576e+44	
62231	4/23/2019 	16:28:35	71.4		0.59254	-0.89564	0.036573	3.1246e+25	2.841e+25	9.5794e+18	1.4255e+18	2.4414e+17	2.384e+17	4.2613e+45	4.8243e+44	
62232	4/23/2019 	16:31:13	71.8		0.6345	-0.88659	0.037821	3.9325e+25	2.9362e+25	9.6797e+18	1.4717e+18	2.6677e+17	2.4656e+17	4.4778e+45	4.9931e+44	
62233	4/23/2019 	16:33:51	72.2		0.65869	-0.88262	0.03856	4.0403e+25	2.9939e+25	1.017e+19	1.501e+18	2.666e+17	2.513e+17	4.6263e+45	5.0917e+44	
62234	4/23/2019 	16:36:29	72.7		0.68726	-0.8766	0.039526	4.8544e+25	3.0657e+25	1.0834e+19	1.5342e+18	2.4462e+17	2.5673e+17	4.7525e+45	5.2212e+44	
62235	4/23/2019 	16:39:07	73.1		0.73532	-0.87004	0.040803	4.9737e+25	3.1664e+25	1.0925e+19	1.5885e+18	2.6264e+17	2.6549e+17	4.9806e+45	5.4002e+44	
62236	4/23/2019 	16:41:45	73.5		0.76393	-0.86134	0.041565	5.2955e+25	3.226e+25	1.1248e+19	1.617e+18	2.6426e+17	2.7064e+17	5.1097e+45	5.4851e+44	
62237	4/23/2019 	16:44:23	73.9		0.80363	-0.85208	0.042472	5.697e+25	3.2987e+25	1.1403e+19	1.6608e+18	2.6746e+17	2.776e+17	5.3578e+45	5.5938e+44	
62238	4/23/2019 	16:47:01	74.4		0.84143	-0.84714	0.043557	6.0275e+25	3.3812e+25	1.1912e+19	1.698e+18	2.7999e+17	2.8399e+17	5.5524e+45	5.7528e+44	
62239	4/23/2019 	16:50:07	74.9		0.88663	-0.83715	0.044786	6.6162e+25	3.4758e+25	1.2284e+19	1.7405e+18	2.6686e+17	2.9157e+17	5.6497e+45	5.9149e+44	
62240	4/23/2019 	16:53:12	75.4		0.9227	-0.8211	0.045656	7.4949e+25	3.5425e+25	1.3083e+19	1.7744e+18	2.6295e+17	2.9739e+17	5.9514e+45	6.0271e+44	
62241	4/23/2019 	16:56:18	75.9		0.95989	-0.80863	0.046532	7.9587e+25	3.6104e+25	1.3695e+19	1.81e+18	2.6553e+17	3.033e+17	6.1768e+45	6.1583e+44	
62242	4/23/2019 	16:59:24	76.4		1.0139	-0.79174	0.047687	8.5274e+25	3.7017e+25	1.4144e+19	1.8608e+18	2.468e+17	3.1179e+17	6.4489e+45	6.2883e+44	
62243	4/23/2019 	17:02:29	76.9		1.0232	-0.78104	0.048075	9.4036e+25	3.7305e+25	1.5643e+19	1.8746e+18	2.2456e+17	3.1326e+17	6.6963e+45	6.3578e+44	
62244	4/23/2019 	17:05:36	77.4		1.0559	-0.76789	0.048745	1.0022e+26	3.7815e+25	1.6015e+19	1.8992e+18	2.5067e+17	3.181e+17	6.8767e+45	6.4297e+44	
62245	4/23/2019 	17:09:16	78		1.0833	-0.76052	0.049389	1.0852e+26	3.8311e+25	1.7214e+19	1.924e+18	2.541e+17	3.2225e+17	7.103e+45	6.5209e+44	
62246	4/23/2019 	17:12:57	78.6		1.1044	-0.76634	0.049918	1.117e+26	3.8731e+25	1.8551e+19	1.9455e+18	2.5738e+17	3.2551e+17	7.1439e+45	6.5813e+44	
62247	4/23/2019 	17:17:19	79.3		1.1011	-0.77183	0.049946	1.1621e+26	3.8762e+25	2.0455e+19	1.9438e+18	2.0486e+17	3.2527e+17	7.0114e+45	6.5971e+44	
62248	4/23/2019 	17:22:54	80.2		1.1522	-0.74688	0.050987	1.3167e+26	3.9567e+25	2.247e+19	1.9876e+18	2.1728e+17	3.3264e+17	7.5197e+45	6.7203e+44	
62249	4/23/2019 	17:29:34	81.3		1.1355	-0.73428	0.050763	1.501e+26	3.9365e+25	2.66e+19	1.9756e+18	1.6432e+17	3.3036e+17	7.472e+45	6.7011e+44	
62250	4/23/2019 	17:36:15	82.4		1.2148	-0.72647	0.052617	1.6786e+26	4.0762e+25	3.2096e+19	2.0444e+18	5.4769e+16	3.4197e+17	7.2003e+45	6.9638e+44	
62251	4/23/2019 	17:45:36	83.8		1.679	-0.71263	0.062175	2.057e+26	4.7977e+25	4.2409e+19	2.3961e+18	-1.2144e+17	4.0233e+17	6.2192e+45	8.1676e+44	
62252	4/23/2019 	17:57:44	85.8		7.2597	-0.62245	0.13064	3.907e+26	1.0006e+26	6.4039e+19	4.9653e+18	-7.9187e+17	8.3623e+17	3.4399e+45	1.6869e+45	
62253	4/23/2019 	18:13:10	88.2		216.13	-0.095778	0.72141	1.043e+27	5.5595e+26	1.8965e+20	2.7274e+19	-2.9637e+18	4.5611e+18	-4.2825e+44	8.8224e+45	
