File 	Datum 	StartZeit 	SZA  	AMF  	ChiSquare 	Streulicht_midday_log	Streulicht_midday_log Error 	Ring Streulicht_midday	Ring Streulicht_midday Error 	result of convolution O3	result of convolution O3 Error 	result of convolution H2O	result of convolution H2O Error 	result of convolution NO2	result of convolution NO2 Error 	result of convolution O4	result of convolution O4 Error 	
61821	4/23/2019 	09:13:51	45.6		0.00018285	-0.99335	0.00073847	4.2131e+23	1.5628e+24	2.22e+18	1.0295e+18	-1.855e+22	9.0408e+21	-3.0397e+14	5.1758e+14	1.9454e+42	3.6402e+42	
61822	4/23/2019 	09:14:49	45.5		0.00016999	-0.99429	0.0007338	-4.6057e+23	1.5719e+24	4.4156e+17	1.1609e+18	-6.3888e+21	8.5419e+21	3.588e+14	5.1498e+14	-3.0546e+42	3.3755e+42	
61823	4/23/2019 	09:15:46	45.3		0.00016798	-0.99358	0.00069988	5.9066e+23	1.4984e+24	1.8077e+18	1.0055e+18	-3.3457e+21	8.9785e+21	-7.5884e+14	4.8789e+14	-3.6593e+42	3.3628e+42	
61824	4/23/2019 	09:16:44	45.2		0.00016726	-0.99455	0.0007042	-2.406e+23	1.495e+24	2.3968e+18	1.0378e+18	-8.7814e+21	9.0087e+21	-6.3812e+14	4.788e+14	4.763e+40	3.1003e+42	
61825	4/23/2019 	09:17:42	45.1		0.0001737	-0.99534	0.00072049	-2.9909e+23	1.5243e+24	1.1185e+18	9.9966e+17	-1.2137e+22	8.8419e+21	6.3099e+14	4.9727e+14	1.0996e+42	3.4935e+42	
61826	4/23/2019 	09:18:39	45		0.00017209	-0.99567	0.00072821	-6.2443e+23	1.5598e+24	1.9841e+17	1.0266e+18	5.1535e+21	8.6766e+21	3.254e+14	5.0389e+14	-2.8754e+42	2.6937e+42	
61827	4/23/2019 	09:19:37	44.9		0.00016723	-0.99454	0.00070232	-3.1561e+23	1.502e+24	2.2119e+18	1.011e+18	-9.2729e+21	8.926e+21	-8.7243e+14	4.9002e+14	-5.8526e+41	3.2487e+42	
61828	4/23/2019 	09:20:35	44.8		0.00016485	-0.99414	0.00070187	-8.6267e+23	1.4916e+24	1.3468e+18	9.7918e+17	-3.7581e+21	8.5857e+21	1.3307e+15	4.857e+14	-2.9976e+42	3.3838e+42	
61829	4/23/2019 	09:21:32	44.7		0.0001628	-0.99281	0.00070373	1.5922e+24	1.5049e+24	1.9967e+18	9.9776e+17	-1.0074e+22	8.532e+21	-2.2215e+14	4.7101e+14	-1.8277e+42	3.0489e+42	
61830	4/23/2019 	09:22:30	44.5		0.00016698	-0.99283	0.00074475	-5.6632e+23	1.5479e+24	-1.0133e+18	1.1903e+18	-1.1264e+22	8.1455e+21	-6.9693e+14	4.912e+14	5.1181e+41	3.4407e+42	
61831	4/23/2019 	09:23:28	44.4		0.00017449	-0.99325	0.00072972	1.6915e+23	1.5461e+24	8.4114e+17	1.0264e+18	-6.8462e+20	8.7432e+21	-5.0774e+14	4.8067e+14	-1.6428e+42	3.0344e+42	
61832	4/23/2019 	09:24:25	44.3		0.00018141	-0.99226	0.00078556	-1.8663e+23	1.6224e+24	-1.2513e+18	1.0727e+18	-2.179e+22	7.9457e+21	1.5424e+14	5.0167e+14	-4.5004e+41	1.1662e+42	
61833	4/23/2019 	09:25:22	44.2		0.00016809	-0.99379	0.00070753	-8.5752e+23	1.4933e+24	-6.5664e+17	1.0283e+18	3.3016e+21	8.5546e+21	5.1398e+14	4.8074e+14	-2.1635e+42	3.3921e+42	
61834	4/23/2019 	09:26:17	44.1		0.00017423	-0.9948	0.00072466	-8.3007e+23	1.5444e+24	1.5423e+18	1.0063e+18	-1.0286e+22	8.6477e+21	1.3256e+14	4.9669e+14	-3.5388e+41	3.5364e+42	
61835	4/23/2019 	09:27:12	44		0.00016767	-0.99349	0.00076311	-1.7072e+23	1.5728e+24	-1.7386e+17	1.0748e+18	1.6717e+21	8.3335e+21	-6.8488e+14	4.8259e+14	-9.9664e+41	1.7208e+42	
61836	4/23/2019 	09:28:07	43.9		0.00017253	-0.99255	0.00071583	6.3786e+23	1.5181e+24	1.0142e+18	9.9634e+17	-1.5083e+22	8.777e+21	-6.3742e+12	5.0123e+14	-3.3691e+41	3.5296e+42	
61837	4/23/2019 	09:29:01	43.8		0.00016812	-0.99311	0.00072762	1.4674e+24	1.5312e+24	-6.2138e+16	1.133e+18	-1.2365e+22	8.2841e+21	3.2003e+14	4.9284e+14	-1.9021e+42	3.4099e+42	
61838	4/23/2019 	09:29:55	43.7		0.00017191	-0.99314	0.00079681	-4.5737e+22	1.6269e+24	-9.0159e+16	1.0923e+18	-1.2825e+22	8.245e+21	-1.0742e+15	4.8939e+14	1.3624e+42	1.2706e+42	
61839	4/23/2019 	09:30:48	43.6		0.00017116	-0.99247	0.00073634	4.7214e+23	1.5461e+24	1.5394e+17	1.2039e+18	-5.014e+21	8.3529e+21	8.0096e+14	4.9558e+14	-3.0583e+42	3.3993e+42	
61840	4/23/2019 	09:31:42	43.5		0.00017804	-0.99385	0.00072412	5.1489e+23	1.53e+24	-8.4717e+16	1.0852e+18	2.7036e+21	8.9945e+21	-5.683e+14	4.8263e+14	-2.8258e+42	3.4614e+42	
61841	4/23/2019 	09:32:35	43.4		0.00017938	-0.99256	0.00075592	1.0411e+24	1.5893e+24	4.1732e+17	1.1912e+18	-1.2397e+22	8.53e+21	5.2149e+14	5.1051e+14	-1.9454e+42	3.5258e+42	
61842	4/23/2019 	09:33:28	43.3		0.00017225	-0.99384	0.00070796	3.2735e+23	1.51e+24	1.0362e+18	1.0335e+18	-3.7865e+21	8.9379e+21	-7.903e+14	4.8023e+14	-1.4531e+42	3.4034e+42	
61843	4/23/2019 	09:34:19	43.2		0.00017738	-0.99238	0.00083113	2.1105e+24	1.6713e+24	-2.9968e+18	1.8334e+18	-7.0918e+21	8.0453e+21	4.2916e+14	4.9677e+14	-1.624e+42	3.4218e+42	
61844	4/23/2019 	09:35:11	43.1		0.00016725	-0.99246	0.00073368	1.8726e+24	1.5266e+24	-3.1403e+18	1.2526e+18	7.1515e+21	7.7982e+21	-1.4272e+14	4.8002e+14	-7.2858e+42	3.5667e+42	
61845	4/23/2019 	09:36:02	43		0.0001623	-0.99467	0.00070031	4.1085e+23	1.4838e+24	1.3459e+18	1.028e+18	-1.3614e+22	8.6725e+21	-5.9732e+14	4.6583e+14	-7.7481e+40	2.7309e+42	
61846	4/23/2019 	09:36:53	43		0.00016715	-0.99455	0.00070639	7.6924e+23	1.5108e+24	9.0421e+17	1.0123e+18	9.8833e+20	8.7817e+21	-1.0307e+15	4.9303e+14	-3.2033e+42	3.0364e+42	
61847	4/23/2019 	09:37:43	42.9		0.00016985	-0.99512	0.00072255	8.912e+22	1.5218e+24	-6.816e+17	1.1505e+18	-2.9444e+21	8.6667e+21	-1.3212e+15	4.9994e+14	1.2911e+42	3.3936e+42	
61848	4/23/2019 	09:38:34	42.8		0.00016743	-0.99505	0.00070312	1.0288e+24	1.4936e+24	-9.2882e+16	1.0015e+18	3.2937e+20	8.804e+21	-6.454e+14	4.7884e+14	-2.4867e+42	3.3772e+42	
61849	4/23/2019 	09:39:24	42.7		0.00015537	-0.99572	0.00068174	-7.479e+23	1.4516e+24	1.588e+18	9.75e+17	-8.535e+20	8.4446e+21	-1.2653e+15	4.6763e+14	-1.9512e+42	2.9396e+42	
61850	4/23/2019 	09:40:15	42.6		0.00016021	-0.99567	0.00070803	-8.932e+23	1.4907e+24	6.9828e+17	1.0476e+18	-5.3869e+21	8.3668e+21	2.329e+14	4.9099e+14	-4.9345e+41	2.0657e+42	
61851	4/23/2019 	09:41:05	42.5		0.00016017	-0.99523	0.00072616	2.1158e+23	1.5154e+24	2.6911e+17	1.0775e+18	-8.6894e+21	8.2382e+21	5.9077e+14	4.9412e+14	-1.2312e+41	1.4614e+42	
61852	4/23/2019 	09:41:56	42.4		0.00016787	-0.9949	0.00070114	-2.3054e+23	1.4855e+24	1.7694e+17	1.0026e+18	7.1415e+21	8.8727e+21	-6.0276e+14	4.6828e+14	-3.9641e+42	3.3689e+42	
61853	4/23/2019 	09:42:46	42.3		0.00017143	-0.99462	0.00078779	-8.6597e+23	1.649e+24	-7.2423e+17	9.9545e+17	-2.5098e+22	7.9415e+21	-1.6541e+15	5.1592e+14	4.5678e+42	3.1559e+42	
61854	4/23/2019 	09:43:37	42.3		0.00016993	-0.99271	0.00081668	2.0511e+24	1.6365e+24	-1.4361e+18	1.8322e+18	-1.1073e+22	7.838e+21	8.6458e+14	4.8519e+14	-3.5097e+42	3.3532e+42	
61855	4/23/2019 	09:44:27	42.2		0.00017199	-0.99397	0.00072993	-2.4634e+23	1.5307e+24	-6.2273e+17	1.1831e+18	1.7484e+21	8.4834e+21	2.8025e+14	4.9721e+14	-1.8149e+42	3.3919e+42	
61856	4/23/2019 	09:45:18	42.1		0.00017397	-0.99248	0.0008449	2.1581e+24	1.6916e+24	-3.0469e+18	1.9337e+18	-7.0965e+21	7.9336e+21	1.1004e+15	4.8797e+14	-4.8527e+42	3.4742e+42	
61857	4/23/2019 	09:46:08	42		0.00017133	-0.99423	0.00079109	-1.8198e+24	1.6363e+24	-1.66e+18	1.0089e+18	-2.211e+22	7.7747e+21	-2.1521e+15	5.1268e+14	3.2686e+42	2.7595e+42	
61858	4/23/2019 	09:46:59	41.9		0.00016231	-0.99496	0.00074024	5.5962e+23	1.5293e+24	-1.5393e+18	9.5054e+17	2.1816e+22	8.1044e+21	1.6537e+15	4.605e+14	-8.5618e+42	3.5053e+42	
61859	4/23/2019 	09:47:48	41.8		0.00016923	-0.99535	0.00073563	4.8113e+22	1.5434e+24	-5.8192e+17	1.05e+18	1.0995e+22	8.5032e+21	3.8426e+14	4.8376e+14	-3.3886e+42	2.2026e+42	
61860	4/23/2019 	09:48:38	41.8		0.00015463	-0.99576	0.00068935	-4.8713e+23	1.4324e+24	-9.1626e+17	1.0588e+18	-9.2328e+21	8.6943e+21	5.4485e+14	4.5494e+14	4.8735e+42	3.171e+42	
61861	4/23/2019 	09:49:27	41.7		0.00017405	-0.99534	0.00072772	-2.8276e+23	1.5429e+24	2.7489e+17	1.0161e+18	-5.922e+21	8.8413e+21	1.4327e+15	5.0479e+14	-2.2552e+42	3.4254e+42	
61862	4/23/2019 	09:50:17	41.6		0.00016836	-0.99319	0.001025	3.287e+24	1.894e+24	-8.413e+18	3.1235e+18	1.4064e+21	7.3396e+21	7.9753e+13	4.8663e+14	-1.2362e+43	4.7038e+42	
61863	4/23/2019 	09:51:06	41.5		0.00016489	-0.99372	0.00083382	2.8192e+24	1.6625e+24	-5.6151e+18	2.0662e+18	-3.7874e+21	7.5342e+21	6.7104e+14	4.7017e+14	-3.2554e+42	3.3731e+42	
61864	4/23/2019 	09:51:56	41.4		0.00016739	-0.99552	0.00072968	-3.8285e+23	1.5313e+24	-7.3714e+17	9.9214e+17	-4.8229e+21	8.1767e+21	1.2673e+15	4.8889e+14	-1.6699e+41	2.9612e+42	
61865	4/23/2019 	09:52:45	41.4		0.00016345	-0.99587	0.00070346	-6.8589e+23	1.5129e+24	-2.6838e+17	1.0265e+18	9.9919e+20	8.4944e+21	-9.2659e+13	4.941e+14	-3.7299e+42	3.3363e+42	
61866	4/23/2019 	09:53:35	41.3		0.00015947	-0.99515	0.00073451	3.3299e+23	1.5283e+24	-1.4396e+18	1.306e+18	-1.5728e+22	7.9311e+21	-7.558e+14	4.8023e+14	-7.1761e+40	3.3101e+42	
61867	4/23/2019 	09:54:24	41.2		0.00017062	-0.9954	0.00073381	-6.1857e+22	1.5466e+24	-6.5551e+17	1.1968e+18	3.6995e+21	8.3765e+21	9.9973e+14	4.9435e+14	-3.1677e+42	3.3885e+42	
61868	4/23/2019 	09:55:14	41.1		0.00015408	-0.99489	0.00067589	-3.2083e+23	1.4126e+24	-7.9116e+18	2.259e+18	-4.2527e+21	6.6948e+21	8.0173e+13	4.5348e+14	-1.4533e+43	3.8826e+42	
61869	4/23/2019 	09:56:03	41		0.0001638	-0.99339	0.0007544	9.623e+23	1.5295e+24	-6.1961e+18	1.7473e+18	9.3331e+21	7.687e+21	-1.994e+14	4.769e+14	-8.3271e+42	3.7306e+42	
61870	4/23/2019 	09:56:53	41		0.00016815	-0.99244	0.00080957	1.3846e+24	1.6264e+24	-3.5164e+18	1.7796e+18	-1.0636e+22	7.8502e+21	7.2449e+14	4.8314e+14	-8.6747e+40	3.3395e+42	
61871	4/23/2019 	09:57:42	40.9		0.00015793	-0.99409	0.00069049	8.9303e+23	1.4542e+24	-1.3326e+18	1.0561e+18	1.2429e+21	8.2038e+21	-2.631e+14	4.7172e+14	-3.2474e+42	3.2746e+42	
61872	4/23/2019 	09:58:31	40.8		0.0001716	-0.99363	0.00071162	1.1257e+24	1.5275e+24	8.1015e+17	1.0476e+18	-2.6209e+22	9.1163e+21	-7.2982e+14	4.9454e+14	7.6123e+42	3.1124e+42	
61873	4/23/2019 	09:59:20	40.8		0.00016639	-0.99544	0.00070672	-6.2998e+22	1.5153e+24	-1.3325e+18	9.9757e+17	9.4554e+21	8.6227e+21	7.0875e+14	4.9541e+14	-6.6514e+42	3.3829e+42	
61874	4/23/2019 	10:00:07	40.7		0.00017412	-0.99563	0.00071203	2.0968e+23	1.5099e+24	-5.6773e+17	1.0285e+18	5.0811e+21	9.2151e+21	3.2012e+14	4.9204e+14	-4.659e+42	3.4008e+42	
61875	4/23/2019 	10:00:54	40.6		0.00017036	-0.99513	0.00072816	4.1359e+23	1.542e+24	-1.0973e+17	1.0318e+18	-1.3507e+22	8.4446e+21	1.2559e+14	4.8639e+14	-1.7155e+42	3.5055e+42	
61876	4/23/2019 	10:01:42	40.5		0.00017124	-0.99498	0.00071737	3.2302e+23	1.5456e+24	2.9714e+16	1.019e+18	2.237e+21	8.7716e+21	8.0429e+13	5.0678e+14	-4.1308e+42	3.4264e+42	
61877	4/23/2019 	10:02:29	40.5		0.00016521	-0.99353	0.00085731	1.8616e+24	1.6662e+24	-5.3129e+18	2.5851e+18	-1.1219e+22	7.1184e+21	9.0575e+14	4.6674e+14	-3.5424e+42	3.9897e+42	
61878	4/23/2019 	10:03:17	40.4		0.0001633	-0.99405	0.00070824	1.4507e+23	1.5282e+24	-4.5509e+16	9.9759e+17	-9.1838e+21	8.4769e+21	-2.3785e+14	4.7993e+14	-1.2372e+42	3.034e+42	
61879	4/23/2019 	10:04:04	40.3		0.0001731	-0.99407	0.00072553	1.1315e+24	1.5575e+24	-8.0954e+17	1.0723e+18	-4.1161e+21	8.7076e+21	-4.4525e+14	5.0801e+14	-1.619e+42	3.4286e+42	
61880	4/23/2019 	10:04:52	40.3		0.00016552	-0.99547	0.00070507	-7.1897e+23	1.5123e+24	-1.1101e+18	9.8422e+17	6.2565e+21	8.6435e+21	8.1641e+14	4.951e+14	-6.6923e+42	3.3841e+42	
61881	4/23/2019 	10:05:39	40.2		0.00017357	-0.99629	0.0007229	-1.0773e+23	1.5539e+24	1.0981e+18	1.0572e+18	-1.2184e+22	9.0136e+21	1.3274e+14	4.9596e+14	7.8126e+41	2.8502e+42	
61882	4/23/2019 	10:06:26	40.1		0.00015953	-0.99683	0.0006786	-1.1469e+23	1.441e+24	-1.8635e+16	9.8921e+17	-6.1363e+21	8.6844e+21	9.5578e+12	4.6376e+14	-2.1209e+42	3.2772e+42	
61883	4/23/2019 	10:07:14	40.1		0.00016265	-0.99659	0.00072172	-1.2138e+22	1.4886e+24	-1.3197e+18	1.2684e+18	-1.2142e+22	8.3786e+21	-1.0186e+15	4.9426e+14	2.8079e+42	3.3094e+42	
61884	4/23/2019 	10:08:01	40		0.00016493	-0.99781	0.00069611	-1.0021e+24	1.48e+24	-3.3975e+17	1.0111e+18	5.0256e+21	8.9352e+21	9.1883e+14	4.83e+14	-5.2692e+42	3.1681e+42	
61885	4/23/2019 	10:08:49	39.9		0.00016147	-0.99791	0.00073551	-7.3904e+23	1.5066e+24	-2.2359e+17	1.0422e+18	-1.6038e+22	8.1087e+21	-1.4765e+15	4.844e+14	2.7133e+41	3.4852e+42	
61886	4/23/2019 	10:09:36	39.9		0.00015673	-0.9988	0.0006777	-1.4736e+24	1.4517e+24	1.4577e+18	9.761e+17	-7.9886e+21	8.6875e+21	-7.1958e+14	4.7605e+14	-2.4117e+41	3.2137e+42	
61887	4/23/2019 	10:10:24	39.8		0.00016058	-0.99927	0.00069333	-2.2587e+23	1.4859e+24	4.9858e+17	9.7427e+17	-7.0046e+21	8.6746e+21	-7.9311e+14	4.8477e+14	-7.7727e+41	3.324e+42	
61888	4/23/2019 	10:11:11	39.8		0.00015813	-0.99986	0.00072649	-1.5707e+24	1.5066e+24	1.1884e+18	1.0222e+18	-9.7492e+21	8.0426e+21	-2.6444e+14	4.7173e+14	-1.7215e+40	1.8706e+42	
61889	4/23/2019 	10:11:59	39.7		0.00015597	-1.0005	0.00068043	-1.1656e+24	1.4493e+24	1.7759e+18	9.7749e+17	-1.3229e+22	8.5571e+21	-1.4421e+15	4.6729e+14	-5.5429e+41	3.0712e+42	
61890	4/23/2019 	10:12:46	39.6		0.00017033	-1.0018	0.00071797	-2.4794e+24	1.5245e+24	2.2213e+18	9.8479e+17	-9.788e+21	8.634e+21	-4.3421e+14	4.9811e+14	3.8054e+41	3.5495e+42	
61891	4/23/2019 	10:13:33	39.6		0.00016268	-1.002	0.00070633	-2.3265e+24	1.5107e+24	6.7021e+17	1.0144e+18	6.4538e+21	8.6583e+21	5.2406e+14	4.7395e+14	-3.2633e+42	2.7325e+42	
61892	4/23/2019 	10:14:21	39.5		0.00016909	-1.0012	0.00074191	-7.2286e+23	1.589e+24	2.0596e+18	1.0222e+18	-8.8279e+21	8.3069e+21	3.8828e+13	4.9176e+14	-4.3765e+41	2.6286e+42	
61893	4/23/2019 	10:15:08	39.5		0.0001623	-1.0013	0.00069921	-1.3226e+24	1.488e+24	2.9289e+18	9.9162e+17	-1.234e+22	8.5347e+21	-1.0764e+15	4.7889e+14	-1.6553e+42	2.8911e+42	
61894	4/23/2019 	10:15:56	39.4		0.00016255	-1.0023	0.00069895	-2.5509e+24	1.4832e+24	2.6802e+18	9.9471e+17	-1.3645e+22	8.577e+21	-1.2095e+15	4.7299e+14	-1.1403e+41	2.9648e+42	
61895	4/23/2019 	10:16:43	39.3		0.00017728	-1.0038	0.00073478	-2.9555e+24	1.5864e+24	3.1733e+18	1.0304e+18	-1.9999e+22	9.0756e+21	-5.0264e+14	5.2221e+14	3.1692e+42	3.4733e+42	
61896	4/23/2019 	10:17:31	39.3		0.00016835	-1.0032	0.00071166	-1.6983e+24	1.5097e+24	2.0201e+18	1.0116e+18	-1.5401e+22	8.7149e+21	-1.1887e+15	4.8103e+14	-8.5229e+41	3.0041e+42	
61897	4/23/2019 	10:18:18	39.2		0.00018448	-1.0037	0.00074489	-2.0578e+24	1.5763e+24	3.2081e+18	1.0603e+18	-2.241e+22	9.1391e+21	-1.2299e+15	4.9749e+14	1.2448e+42	3.1964e+42	
61898	4/23/2019 	10:19:05	39.2		0.00017455	-1.0039	0.0007248	-2.7782e+24	1.5351e+24	3.2651e+18	1.0304e+18	-1.6297e+22	8.8741e+21	-1.3015e+15	4.8638e+14	1.8484e+42	3.0774e+42	
61899	4/23/2019 	10:19:53	39.1		0.00017658	-1.0036	0.00073077	-1.7944e+24	1.5522e+24	3.7227e+18	1.0388e+18	-2.1966e+22	8.9213e+21	-1.0624e+15	4.8543e+14	1.8571e+42	3.176e+42	
61900	4/23/2019 	10:20:40	39.1		0.00017894	-1.0029	0.00073441	-1.8708e+24	1.581e+24	1.9706e+18	1.0284e+18	-1.6398e+22	9.1484e+21	-7.7234e+14	5.1931e+14	2.2147e+42	3.5146e+42	
61901	4/23/2019 	10:21:28	39		0.00016624	-1.0024	0.00070978	-8.5613e+23	1.506e+24	2.7828e+18	1.0065e+18	-2.0112e+22	8.6246e+21	-7.0553e+14	4.702e+14	2.4795e+42	3.0471e+42	
61902	4/23/2019 	10:22:15	38.9		0.00016321	-1.0022	0.0006993	-1.2618e+24	1.4816e+24	1.8811e+18	9.9885e+17	-1.5012e+22	8.6444e+21	-1.2549e+15	4.6991e+14	-1.0486e+42	3.0471e+42	
61903	4/23/2019 	10:23:03	38.9		0.00017215	-1.0027	0.0007407	-2.5643e+24	1.5669e+24	2.9574e+18	1.0391e+18	-1.0447e+22	8.5425e+21	-1.1356e+15	4.9757e+14	-9.8667e+41	2.4311e+42	
61904	4/23/2019 	10:23:50	38.8		0.00016555	-1.0022	0.0007052	-1.2798e+24	1.4928e+24	2.5775e+18	1.0051e+18	-1.1887e+22	8.6739e+21	-1.0723e+15	4.7172e+14	-9.8282e+40	3.0425e+42	
61905	4/23/2019 	10:24:38	38.8		0.00016516	-1.002	0.00070493	-1.4801e+24	1.4953e+24	2.7426e+18	1.0018e+18	-1.4855e+22	8.6295e+21	-1.4086e+15	4.7638e+14	-7.6814e+40	2.9732e+42	
61906	4/23/2019 	10:25:25	38.7		0.00016622	-1.0023	0.00073361	-2.5765e+24	1.549e+24	6.405e+17	9.9945e+17	-3.1385e+21	8.0946e+21	2.0396e+15	4.8093e+14	-9.9767e+41	2.7865e+42	
61907	4/23/2019 	10:26:12	38.7		0.00016525	-1.0014	0.00070328	-7.3236e+23	1.5095e+24	3.8905e+17	9.8652e+17	-1.0602e+21	8.7528e+21	-7.9795e+14	4.9467e+14	-2.944e+42	3.3758e+42	
61908	4/23/2019 	10:27:00	38.6		0.0001718	-1.001	0.0007146	-1.0263e+24	1.5142e+24	1.7938e+18	1.0233e+18	-1.3913e+22	8.9744e+21	-1.37e+15	4.7834e+14	-5.712e+41	3.299e+42	
61909	4/23/2019 	10:27:47	38.6		0.00016837	-1.0007	0.00071811	-5.1109e+23	1.5125e+24	-1.7271e+18	1.1387e+18	7.8066e+21	8.6364e+21	-1.0964e+14	4.9664e+14	-7.4359e+42	3.3794e+42	
61910	4/23/2019 	10:28:35	38.5		0.00016511	-1.0011	0.0007267	-1.835e+24	1.5279e+24	-9.0189e+16	9.8821e+17	-4.2887e+21	8.1039e+21	1.8604e+15	4.8526e+14	-1.2313e+42	2.8961e+42	
61911	4/23/2019 	10:29:22	38.5		0.00015487	-1.0009	0.00068035	-5.724e+23	1.4406e+24	1.4049e+18	9.7316e+17	-1.2162e+22	8.4649e+21	-8.9813e+14	4.5413e+14	-1.2276e+42	3.0545e+42	
61912	4/23/2019 	10:30:10	38.4		0.00016468	-1.0017	0.00070091	-1.7596e+24	1.4973e+24	1.7906e+18	1.005e+18	-7.8688e+21	8.7279e+21	-1.2599e+15	4.8705e+14	-3.3507e+41	3.0401e+42	
61913	4/23/2019 	10:30:57	38.4		0.00016192	-1.0017	0.00069246	-9.0415e+23	1.4701e+24	1.1827e+18	9.8888e+17	-7.4815e+21	8.7515e+21	-8.6962e+14	4.6473e+14	-1.7349e+42	3.2869e+42	
61914	4/23/2019 	10:31:44	38.3		0.0001666	-1.0012	0.00070419	-1.5384e+24	1.5012e+24	1.5518e+18	1.0109e+18	-1.2625e+22	8.8107e+21	-1.7464e+15	4.8516e+14	-1.0411e+42	3.1206e+42	
61915	4/23/2019 	10:32:32	38.3		0.00017017	-1.0005	0.00071235	-1.088e+24	1.5161e+24	1.0535e+18	1.0212e+18	-1.2018e+22	8.8829e+21	-1.3292e+15	4.8766e+14	-4.1542e+41	3.1387e+42	
61916	4/23/2019 	10:33:19	38.2		0.00015827	-0.99974	0.00068658	-1.6294e+23	1.4672e+24	-4.9586e+17	9.6671e+17	-3.575e+21	8.5891e+21	-6.3252e+14	4.7715e+14	-3.7445e+42	3.298e+42	
61917	4/23/2019 	10:34:07	38.2		0.00015052	-0.99936	0.00074762	9.8373e+23	1.5671e+24	-5.3941e+17	1.5671e+18	-5.3031e+21	7.4946e+21	2.1784e+14	4.6293e+14	-5.2101e+42	3.0881e+42	
61918	4/23/2019 	10:34:54	38.2		0.00016588	-1	0.00070645	-1.5832e+23	1.5144e+24	-7.2887e+17	1.0377e+18	-2.4107e+21	8.6331e+21	-6.2223e+14	4.9411e+14	-2.1539e+42	3.3608e+42	
61919	4/23/2019 	10:35:42	38.1		0.00016562	-0.99891	0.00074612	2.4381e+23	1.5408e+24	-1.9637e+17	1.0545e+18	-5.774e+21	8.2643e+21	-4.6748e+14	4.8414e+14	-2.2595e+42	1.823e+42	
61920	4/23/2019 	10:36:29	38.1		0.00016754	-0.99891	0.00070453	1.0914e+24	1.4996e+24	2.4737e+17	9.9717e+17	-5.3875e+21	8.8668e+21	-2.6511e+14	4.8006e+14	-1.6765e+42	3.3818e+42	
61921	4/23/2019 	10:37:16	38		0.00015955	-0.99931	0.00069547	-1.9272e+23	1.4941e+24	-3.7624e+17	1.0192e+18	-5.2583e+21	8.3774e+21	-1.3844e+14	4.8744e+14	-2.16e+42	3.2945e+42	
61922	4/23/2019 	10:38:04	38		0.0001666	-0.99866	0.00072294	3.4684e+23	1.5176e+24	-2.183e+18	1.1975e+18	-3.9658e+21	8.3233e+21	6.0233e+14	4.9162e+14	-3.6105e+42	3.335e+42	
61923	4/23/2019 	10:38:51	37.9		0.00015394	-0.99944	0.00068377	-4.4433e+23	1.447e+24	4.2307e+17	9.5397e+17	-5.8367e+21	8.3172e+21	9.8759e+14	4.7405e+14	1.6247e+42	3.2358e+42	
61924	4/23/2019 	10:39:39	37.9		0.00015908	-0.99838	0.00071882	1.5533e+24	1.4989e+24	-2.1032e+18	1.2806e+18	-9.3052e+20	8.0872e+21	5.9892e+14	4.7942e+14	-4.0783e+42	3.2375e+42	
61925	4/23/2019 	10:40:26	37.9		0.0001531	-0.99738	0.00071033	2.2973e+24	1.4866e+24	-2.3265e+18	1.2778e+18	-2.6973e+20	7.9223e+21	7.8595e+14	4.7005e+14	-2.8091e+42	3.1764e+42	
61926	4/23/2019 	10:41:14	37.8		0.00016474	-0.9978	0.00071494	1.4837e+24	1.5208e+24	5.4154e+17	9.961e+17	-1.6642e+22	8.3781e+21	-6.9705e+14	4.7145e+14	2.8333e+41	2.8505e+42	
61927	4/23/2019 	10:42:01	37.8		0.00016717	-0.99722	0.00076168	1.4059e+24	1.585e+24	-4.9478e+17	9.9072e+17	4.8376e+21	8.1977e+21	1.3473e+15	4.7779e+14	-6.6747e+42	3.526e+42	
61928	4/23/2019 	10:42:48	37.7		0.00016902	-0.99637	0.00081192	1.977e+24	1.6272e+24	-3.1642e+18	1.7603e+18	-9.4641e+21	7.9222e+21	1.3068e+14	4.8367e+14	-2.559e+42	3.3717e+42	
61929	4/23/2019 	10:43:36	37.7		0.00017554	-0.99725	0.00085805	1.3916e+24	1.7289e+24	-8.1252e+18	3.1007e+18	-1.1328e+22	7.0564e+21	-3.3739e+14	4.7211e+14	-9.823e+42	6.0173e+42	
61930	4/23/2019 	10:44:23	37.7		0.00017336	-0.99673	0.00073826	1.5947e+24	1.5857e+24	-1.7884e+18	1.1498e+18	5.8958e+21	8.6544e+21	-6.2173e+14	5.2048e+14	-2.5438e+42	3.4159e+42	
61931	4/23/2019 	10:45:11	37.6		0.00015956	-0.9962	0.00070511	1.6197e+24	1.4858e+24	-4.6128e+17	1.103e+18	-7.5865e+21	8.0983e+21	6.0278e+14	4.7767e+14	-2.1456e+42	3.3042e+42	
61932	4/23/2019 	10:45:58	37.6		0.00017059	-0.99518	0.000777	2.0244e+24	1.5926e+24	-1.9624e+17	1.5387e+18	3.2778e+20	8.1894e+21	1.2661e+15	4.9016e+14	-3.9221e+42	3.338e+42	
61933	4/23/2019 	10:46:46	37.6		0.00017586	-0.99627	0.00077283	8.9517e+23	1.5744e+24	-1.0158e+18	1.0541e+18	-1.8663e+22	8.4838e+21	-1.5377e+15	5.0395e+14	2.7936e+42	3.6752e+42	
61934	4/23/2019 	10:47:33	37.5		0.00017702	-0.99553	0.00073434	1.6088e+24	1.5426e+24	-1.3083e+18	1.1434e+18	1.4161e+21	8.663e+21	-2.1269e+14	5.01e+14	-1.1202e+42	3.4515e+42	
61935	4/23/2019 	10:48:20	37.5		0.00016843	-0.99508	0.00076425	1.6671e+24	1.5722e+24	1.6846e+17	1.4739e+18	-1.5479e+21	8.1566e+21	1.0435e+15	4.8875e+14	-4.0311e+42	3.3451e+42	
61936	4/23/2019 	10:49:08	37.5		0.00017966	-0.99515	0.00078053	1.7067e+24	1.6241e+24	-1.138e+18	1.4868e+18	3.1945e+20	8.5678e+21	5.1179e+13	5.0743e+14	-3.1389e+42	3.4253e+42	
61937	4/23/2019 	10:49:55	37.4		0.000168	-0.99559	0.0007101	1.0848e+24	1.5258e+24	-1.8343e+18	1.0277e+18	5.9356e+21	8.7029e+21	-5.9518e+14	4.988e+14	-3.1369e+42	3.3858e+42	
61938	4/23/2019 	10:50:43	37.4		0.00017831	-0.99531	0.00078234	1.6514e+24	1.6318e+24	-7.9163e+17	1.4941e+18	2.7697e+21	8.5153e+21	4.7022e+14	5.0376e+14	-2.8874e+42	3.4112e+42	
61939	4/23/2019 	10:51:30	37.4		0.0001635	-0.99482	0.0007663	2.9861e+24	1.5649e+24	-5.9651e+17	1.5374e+18	-6.7658e+21	7.989e+21	9.2778e+14	4.7954e+14	-3.8159e+42	3.2688e+42	
61940	4/23/2019 	10:52:17	37.3		0.00016522	-0.99634	0.00071449	8.2595e+23	1.4977e+24	-1.098e+18	1.1516e+18	-8.317e+20	8.3225e+21	2.9147e+14	4.866e+14	-5.7781e+41	3.3246e+42	
61941	4/23/2019 	10:53:05	37.3		0.00016131	-0.99651	0.0007261	1.7242e+24	1.5171e+24	-1.1166e+18	1.2381e+18	-9.5475e+21	8.0357e+21	5.3003e+14	4.8354e+14	-7.732e+41	3.3144e+42	
61942	4/23/2019 	10:53:52	37.3		0.00016806	-0.99737	0.00078328	7.6565e+23	1.611e+24	5.9233e+17	1.6039e+18	-3.7534e+21	8.1056e+21	1.4054e+15	4.8663e+14	-4.1136e+42	3.2803e+42	
61943	4/23/2019 	10:54:40	37.3		0.00016131	-0.99773	0.00078935	1.6359e+24	1.5851e+24	2.9807e+17	9.7185e+17	-1.7866e+22	7.9143e+21	-9.3729e+14	4.6993e+14	-9.1422e+41	8.6066e+41	
61944	4/23/2019 	10:55:27	37.2		0.00017057	-0.9993	0.000873	-5.1421e+23	1.6957e+24	4.7556e+17	2.9836e+18	-6.6692e+21	7.0887e+21	6.6463e+14	4.4458e+14	3.5981e+42	5.6775e+42	
61945	4/23/2019 	10:56:15	37.2		0.00016562	-0.99888	0.00069671	1.5753e+23	1.4764e+24	-1.0314e+18	1.0881e+18	-3.7477e+21	8.6406e+21	-1.3957e+14	4.7072e+14	-1.4054e+42	3.3305e+42	
61946	4/23/2019 	10:57:02	37.2		0.00016248	-0.99869	0.00076801	1.5529e+24	1.5779e+24	-1.9136e+18	1.564e+18	-5.0689e+20	7.9764e+21	1.2104e+15	4.7859e+14	-2.6573e+42	3.2304e+42	
61947	4/23/2019 	10:57:49	37.2		0.00015737	-0.99962	0.00071345	-6.9439e+23	1.4988e+24	-3.4707e+17	1.0627e+18	-4.0765e+21	8.174e+21	8.6587e+14	4.9407e+14	9.7401e+41	1.5732e+42	
61948	4/23/2019 	10:58:37	37.1		0.0001629	-0.99891	0.00069878	1.1816e+24	1.5013e+24	3.3761e+17	9.7889e+17	-8.9829e+21	8.6957e+21	-7.2267e+14	4.9239e+14	9.8384e+41	3.3533e+42	
61949	4/23/2019 	10:59:24	37.1		0.00015418	-0.99891	0.00068058	8.4607e+23	1.4594e+24	2.3303e+17	9.6211e+17	-5.2809e+21	8.5101e+21	-2.376e+14	4.7127e+14	-5.7584e+41	3.223e+42	
61950	4/23/2019 	11:00:12	37.1		0.0001588	-0.99795	0.00078341	1.9079e+24	1.5887e+24	-4.3818e+18	1.6822e+18	-5.686e+21	7.6822e+21	-6.9634e+13	4.7226e+14	-3.4003e+41	3.2296e+42	
61951	4/23/2019 	11:00:59	37.1		0.00016401	-0.99864	0.00075062	5.9664e+23	1.537e+24	-6.9591e+17	3.1398e+18	-1.1775e+22	6.7808e+21	-2.6959e+14	4.0525e+14	3.5468e+42	6.5332e+42	
61952	4/23/2019 	11:01:47	37		0.00015219	-0.99727	0.0008032	2.5067e+24	1.6098e+24	-6.3258e+18	1.985e+18	-1.1367e+22	7.267e+21	4.5112e+14	4.5234e+14	-2.2322e+42	3.2614e+42	
61953	4/23/2019 	11:02:34	37		0.00016465	-0.99865	0.00083688	3.7815e+23	1.6531e+24	5.5437e+18	3.0402e+18	-9.9342e+21	6.8493e+21	-4.8636e+14	4.7227e+14	1.0759e+43	6.4232e+42	
61954	4/23/2019 	11:03:21	37		0.00016688	-0.99738	0.00079781	2.1642e+24	1.618e+24	-2.2229e+18	1.7166e+18	-7.6396e+21	7.8334e+21	1.1996e+14	4.8325e+14	-1.3462e+42	3.2764e+42	
61955	4/23/2019 	11:04:09	37		0.00015915	-0.9982	0.00073019	6.7355e+23	1.5211e+24	-3.4328e+17	1.0122e+18	-1.7216e+22	8.0199e+21	-1.5388e+15	4.7244e+14	3.3042e+41	2.0044e+42	
61956	4/23/2019 	11:04:56	37		0.00016419	-0.99696	0.00083415	4.0819e+24	1.6625e+24	-6.6948e+18	2.0871e+18	-3.1633e+21	7.5031e+21	7.013e+14	4.6834e+14	-3.5319e+42	3.3699e+42	
61957	4/23/2019 	11:05:44	36.9		0.00016474	-0.99887	0.00071976	1.3949e+24	1.5216e+24	4.741e+17	1.0002e+18	-2.0943e+22	8.3134e+21	-5.7068e+14	4.7085e+14	2.4457e+42	2.7145e+42	
61958	4/23/2019 	11:06:31	36.9		0.00015906	-0.99939	0.00070075	3.7163e+23	1.4987e+24	-7.3839e+17	1.0824e+18	1.1437e+20	8.3847e+21	9.7529e+13	4.9199e+14	-2.6828e+42	3.2838e+42	
61959	4/23/2019 	11:07:19	36.9		0.00016631	-0.99994	0.00072005	-8.3575e+23	1.5062e+24	-7.8005e+17	1.1813e+18	-1.8045e+21	8.3337e+21	8.207e+14	4.8859e+14	2.4707e+41	3.3267e+42	
61960	4/23/2019 	11:08:06	36.9		0.00016306	-0.99727	0.00081687	3.8865e+24	1.6199e+24	-3.7335e+18	1.9828e+18	-9.2665e+21	7.4388e+21	9.0671e+14	4.6656e+14	-2.2349e+42	3.3009e+42	
61961	4/23/2019 	11:08:53	36.9		0.00015948	-0.99832	0.000779	2.0295e+24	1.5845e+24	-4.4596e+18	2.9298e+18	-9.1969e+21	6.5697e+21	-2.4588e+14	4.3521e+14	-4.7057e+42	5.5009e+42	
61962	4/23/2019 	11:09:41	36.9		0.00016266	-0.99868	0.00081106	3.6113e+23	1.6071e+24	6.2309e+17	2.4726e+18	-1.2575e+22	7.0764e+21	3.1416e+14	4.5265e+14	2.5515e+42	3.8729e+42	
61963	4/23/2019 	11:10:28	36.9		0.00016057	-0.99763	0.00073118	2.7214e+24	1.5249e+24	-2.2008e+18	1.3505e+18	4.2474e+21	8.1096e+21	9.6003e+14	4.8107e+14	-3.8275e+42	3.2462e+42	
61964	4/23/2019 	11:11:16	36.8		0.00016076	-0.99833	0.00072335	2.114e+24	1.5124e+24	-2.0059e+18	1.2827e+18	-1.2032e+21	8.1297e+21	7.6004e+14	4.8257e+14	-1.8092e+42	3.2576e+42	
61965	4/23/2019 	11:12:03	36.8		0.0001504	-0.99917	0.00072438	8.5261e+23	1.5073e+24	-1.3482e+18	1.42e+18	-4.5244e+21	7.8183e+21	1.3442e+15	4.6179e+14	-2.9633e+41	3.1241e+42	
61966	4/23/2019 	11:12:51	36.8		0.00016787	-0.99902	0.00071126	8.4707e+23	1.5275e+24	1.5284e+18	9.8945e+17	-1.8534e+22	8.7716e+21	4.9055e+14	5.0049e+14	1.3091e+42	3.4176e+42	
61967	4/23/2019 	11:13:38	36.8		0.00015801	-0.99831	0.00078089	2.0537e+24	1.5805e+24	-4.0682e+18	1.6956e+18	-7.9547e+21	7.6115e+21	-9.2108e+13	4.7174e+14	1.6396e+42	3.2082e+42	
61968	4/23/2019 	11:14:25	36.8		0.00015437	-0.99805	0.00081447	3.4444e+24	1.7336e+24	-5.9022e+18	2.4278e+18	-1.0937e+22	7.2298e+21	-5.2147e+14	4.4216e+14	-2.9239e+42	3.6359e+42	
61969	4/23/2019 	11:15:13	36.8		0.00016366	-0.99764	0.00083658	3.7343e+24	1.676e+24	-6.2338e+18	2.0991e+18	-1.2037e+21	7.5141e+21	5.6305e+14	4.6797e+14	-4.5305e+42	3.3879e+42	
61970	4/23/2019 	11:16:00	36.8		0.00015755	-0.99925	0.00077997	1.6136e+24	1.5833e+24	-7.4927e+18	4.3961e+18	-3.3003e+21	6.5488e+21	4.288e+14	4.4037e+14	2.7782e+43	1.2927e+43	
61971	4/23/2019 	11:16:48	36.8		0.00015962	-0.99747	0.00083436	5.0888e+24	1.6788e+24	-8.4243e+18	2.132e+18	-2.6116e+21	7.4168e+21	3.5876e+14	4.6126e+14	-4.8902e+42	3.3727e+42	
61972	4/23/2019 	11:17:35	36.8		0.00015638	-0.99828	0.00083499	3.6599e+24	1.6834e+24	-7.82e+18	2.1873e+18	-2.9409e+21	7.3127e+21	3.2831e+14	4.5488e+14	-4.7134e+42	3.3609e+42	
61973	4/23/2019 	11:18:22	36.8		0.00016196	-0.9997	0.0006988	1.2249e+24	1.4852e+24	-1.1992e+18	1.0553e+18	-6.6118e+21	8.3235e+21	-4.3554e+13	4.8183e+14	2.9924e+41	3.3377e+42	
61974	4/23/2019 	11:19:10	36.7		0.00016616	-0.99969	0.0007685	1.7959e+24	1.5991e+24	-2.4985e+18	1.5243e+18	5.6343e+20	8.1855e+21	9.4635e+14	4.8415e+14	-3.144e+42	3.2753e+42	
61975	4/23/2019 	11:19:57	36.7		0.00015692	-1.0006	0.00072397	5.151e+23	1.5037e+24	-4.649e+17	9.7879e+17	5.8853e+20	7.6801e+21	2.3793e+15	4.5809e+14	1.1904e+42	2.4343e+42	
61976	4/23/2019 	11:20:45	36.7		0.00015937	-1.0009	0.00068637	-3.0064e+23	1.4611e+24	-2.2264e+18	1.2793e+18	-2.2541e+21	8.6321e+21	-1.1401e+15	4.7279e+14	-1.0897e+42	3.2586e+42	
61977	4/23/2019 	11:21:32	36.7		0.00016892	-1.0005	0.00073746	1.1328e+24	1.5511e+24	-2.8768e+18	1.2617e+18	-2.5943e+21	8.3394e+21	6.9845e+14	4.9404e+14	-1.6004e+42	3.3517e+42	
61978	4/23/2019 	11:22:20	36.7		0.00015834	-0.99967	0.00083293	2.5028e+24	1.7269e+24	-3.1602e+18	2.3788e+18	-8.8773e+21	7.3043e+21	-2.4942e+14	4.5089e+14	-4.6907e+42	3.5515e+42	
61979	4/23/2019 	11:23:07	36.7		0.00016488	-0.99992	0.00069768	9.5444e+23	1.4782e+24	4.2496e+17	9.9987e+17	-5.7587e+21	8.8468e+21	-7.593e+14	4.6884e+14	-1.0079e+42	3.2988e+42	
61980	4/23/2019 	11:23:54	36.7		0.00015994	-0.9999	0.00069304	4.9771e+23	1.4939e+24	-7.9393e+17	9.8556e+17	-2.8494e+21	8.4926e+21	-1.3879e+14	4.8994e+14	8.0499e+39	3.3106e+42	
61981	4/23/2019 	11:24:42	36.7		0.00015985	-0.99992	0.00069449	6.6436e+23	1.4618e+24	-7.9966e+17	1.054e+18	1.5669e+21	8.2699e+21	1.2363e+14	4.7307e+14	-1.8705e+42	3.289e+42	
61982	4/23/2019 	11:25:29	36.7		0.00012792	-0.99974	0.00061966	7.121e+23	1.336e+24	-3.648e+17	8.706e+17	-1.4825e+20	7.6377e+21	-1.3086e+14	4.3854e+14	-2.5808e+41	2.968e+42	
61983	4/23/2019 	11:26:17	36.7		0.00015313	-0.99965	0.00079151	5.7437e+23	1.5628e+24	4.8693e+18	2.4813e+18	-1.9358e+22	6.9056e+21	5.1148e+14	4.3358e+14	3.8668e+42	3.9358e+42	
61984	4/23/2019 	11:27:04	36.7		0.00015706	-0.99963	0.00067782	1.1086e+23	1.444e+24	9.3971e+17	7.5512e+17	4.1637e+21	7.2072e+21	-1.2728e+15	4.6126e+14	-1.1725e+42	6.0031e+41	
61985	4/23/2019 	11:27:52	36.7		0.00016027	-0.99922	0.00075548	7.9769e+23	1.5534e+24	-1.2131e+17	1.5093e+18	5.205e+20	7.9462e+21	1.6469e+15	4.759e+14	-1.9564e+42	3.2197e+42	
61986	4/23/2019 	11:28:39	36.7		0.00016517	-0.99888	0.0010593	1.0976e+24	1.9765e+24	-2.6542e+18	3.0695e+18	1.8233e+21	7.0942e+21	9.3063e+14	4.9815e+14	-4.2871e+42	4.6295e+42	
61987	4/23/2019 	11:29:27	36.7		0.00016163	-0.99761	0.00075924	1.8212e+24	1.558e+24	-2.8579e+18	1.599e+18	2.827e+21	8.0673e+21	-9.6788e+14	4.7737e+14	3.2659e+42	3.2158e+42	
61988	4/23/2019 	11:30:14	36.7		0.00016534	-0.99756	0.00070146	5.3622e+23	1.5129e+24	1.3009e+18	1.023e+18	-2.2083e+22	8.9807e+21	-7.8227e+14	4.87e+14	8.6147e+42	3.1487e+42	
61989	4/23/2019 	11:31:01	36.8		0.00016334	-0.99713	0.000704	6.9588e+23	1.4845e+24	1.7074e+18	1.037e+18	-8.9974e+21	8.7406e+21	-1.283e+14	4.7082e+14	5.3137e+42	2.7531e+42	
61990	4/23/2019 	11:31:49	36.8		0.00017636	-0.99701	0.00072722	-2.8232e+22	1.5668e+24	-1.0931e+18	1.0284e+18	9.7719e+21	8.9546e+21	-3.3209e+14	5.1413e+14	-1.6703e+42	3.48e+42	
61991	4/23/2019 	11:32:36	36.8		0.00017231	-0.99556	0.00073997	1.869e+24	1.5524e+24	-1.5507e+18	1.254e+18	9.7277e+21	8.4452e+21	6.7048e+14	5.0048e+14	-3.1846e+42	3.3856e+42	
61992	4/23/2019 	11:33:24	36.8		0.00018081	-0.99597	0.00073648	1.1784e+24	1.5858e+24	-1.4948e+18	1.0531e+18	1.0048e+22	9.0388e+21	1.3151e+13	5.1956e+14	-2.8772e+42	3.517e+42	
61993	4/23/2019 	11:34:11	36.8		0.00017813	-0.99604	0.00072181	9.3054e+23	1.5468e+24	1.6838e+17	1.0397e+18	6.3342e+21	9.2689e+21	-7.3655e+14	5.0781e+14	-1.7403e+42	3.4387e+42	
61994	4/23/2019 	11:34:58	36.8		0.00017869	-0.99611	0.00074028	2.25e+23	1.5724e+24	-1.8266e+18	1.1352e+18	6.7415e+21	8.7545e+21	-2.4043e+14	5.1218e+14	-1.1538e+41	3.4678e+42	
61995	4/23/2019 	11:35:46	36.8		0.00017242	-0.99558	0.00078271	1.4033e+24	1.6288e+24	3.2426e+17	1.5595e+18	5.2244e+21	8.35e+21	7.6757e+14	4.9322e+14	-7.1803e+41	3.3348e+42	
61996	4/23/2019 	11:36:33	36.8		0.00017849	-0.99515	0.00077261	6.3592e+23	1.623e+24	-4.0105e+18	1.7475e+18	1.9127e+22	8.1317e+21	-9.4317e+14	4.8678e+14	9.5788e+42	3.4454e+42	
61997	4/23/2019 	11:37:21	36.8		0.00017464	-0.99534	0.00078996	2.5714e+24	1.6251e+24	-2.5866e+18	1.6492e+18	-2.9847e+21	8.4927e+21	-1.717e+15	5.0705e+14	5.9128e+42	3.3536e+42	
61998	4/23/2019 	11:38:07	36.8		0.00017864	-0.99552	0.00074826	2.6366e+24	1.5653e+24	-1.4073e+18	1.2355e+18	7.6202e+21	8.6385e+21	-1.6277e+14	5.0761e+14	-2.1547e+42	3.4427e+42	
61999	4/23/2019 	11:38:54	36.8		0.00017573	-0.99589	0.00071291	9.0675e+23	1.5038e+24	-2.8552e+17	1.1153e+18	-5.8498e+21	8.9672e+21	-7.3052e+14	4.8613e+14	4.1031e+42	3.4365e+42	
62000	4/23/2019 	11:39:40	36.9		0.00017716	-0.99557	0.00071945	1.2382e+24	1.5399e+24	-5.8804e+17	1.0342e+18	1.1311e+22	9.2299e+21	-8.5632e+14	5.0208e+14	-2.3334e+42	3.4473e+42	
62001	4/23/2019 	11:40:27	36.9		0.00018888	-0.99437	0.00075528	2.1982e+24	1.5892e+24	-1.3762e+18	1.15e+18	3.125e+21	8.9835e+21	-4.1612e+14	5.1459e+14	2.2091e+41	3.5744e+42	
62002	4/23/2019 	11:41:13	36.9		0.00017324	-0.99652	0.00079916	1.197e+24	1.6666e+24	-8.3512e+17	1.6473e+18	9.2515e+21	8.326e+21	3.1484e+14	4.9352e+14	1.3013e+42	3.3223e+42	
62003	4/23/2019 	11:41:59	36.9		0.00017649	-0.99542	0.00072515	2.6565e+24	1.5285e+24	-1.5924e+18	1.064e+18	3.4874e+21	8.7444e+21	-1.0093e+14	4.9199e+14	-2.7621e+42	3.4754e+42	
62004	4/23/2019 	11:42:44	36.9		0.00017838	-0.99518	0.000731	3.6582e+24	1.5492e+24	-4.9658e+17	1.1011e+18	7.0321e+21	8.9637e+21	-1.3864e+15	5.0284e+14	-1.0611e+42	3.4813e+42	
62005	4/23/2019 	11:43:30	36.9		0.00018013	-0.99558	0.00074619	2.673e+24	1.6009e+24	-1.4917e+18	1.1461e+18	8.0068e+21	8.9139e+21	-1.1909e+15	5.2613e+14	-1.3807e+42	3.4944e+42	
62006	4/23/2019 	11:44:15	36.9		0.0001774	-0.99552	0.00072292	3.0145e+24	1.5322e+24	-8.7892e+17	1.0429e+18	8.5759e+21	9.033e+21	-6.1449e+14	4.8824e+14	-2.0371e+42	3.4676e+42	
62007	4/23/2019 	11:45:00	37		0.000168	-0.99647	0.00070623	1.9036e+24	1.5037e+24	-1.9226e+18	1.0127e+18	1.5644e+22	8.7757e+21	-7.0737e+14	4.8855e+14	-5.5147e+42	3.3867e+42	
62008	4/23/2019 	11:45:46	37		0.00017168	-0.99706	0.00071843	1.6169e+24	1.5154e+24	-2.2927e+18	1.0868e+18	1.1929e+22	8.5708e+21	1.6791e+14	4.9084e+14	-2.2573e+42	3.4218e+42	
62009	4/23/2019 	11:46:31	37		0.00016814	-0.99701	0.00070939	1.5271e+24	1.5132e+24	-9.6845e+17	9.9774e+17	6.2482e+21	8.6556e+21	7.3168e+14	4.9306e+14	-2.2142e+42	3.4059e+42	
62010	4/23/2019 	11:47:16	37		0.00016257	-0.99714	0.00074068	1.6357e+24	1.5052e+24	-1.2418e+18	1.4434e+18	-6.0733e+21	8.3401e+21	-1.0456e+15	4.9784e+14	3.8226e+42	3.3012e+42	
62011	4/23/2019 	11:48:02	37		0.00016781	-0.99805	0.00070411	1.4617e+24	1.4961e+24	-7.6161e+17	1.002e+18	1.002e+22	8.8156e+21	1.8497e+14	4.8017e+14	-2.9832e+42	3.3822e+42	
62012	4/23/2019 	11:48:47	37.1		0.00015081	-0.99829	0.00073329	1.5848e+24	1.502e+24	-2.4763e+18	1.5489e+18	-4.3098e+21	7.7918e+21	-1.4649e+15	4.6228e+14	6.2964e+42	3.1097e+42	
62013	4/23/2019 	11:49:33	37.1		0.00017154	-0.99886	0.00071602	2.7424e+24	1.5331e+24	1.9799e+17	1.0067e+18	1.2052e+21	8.963e+21	-7.3248e+14	4.9944e+14	-6.3269e+41	3.4347e+42	
62014	4/23/2019 	11:50:18	37.1		0.00016291	-0.99966	0.00069729	2.0161e+24	1.4905e+24	3.6592e+17	9.841e+17	-2.4564e+21	8.7547e+21	-5.3786e+14	4.8153e+14	-7.738e+41	3.3372e+42	
62015	4/23/2019 	11:51:03	37.1		0.00016415	-1.0002	0.00070954	2.3782e+24	1.4893e+24	-8.8648e+17	1.1252e+18	4.5493e+21	8.3138e+21	5.9622e+14	4.8421e+14	-3.0834e+42	3.3199e+42	
62016	4/23/2019 	11:51:49	37.1		0.00016277	-1.0012	0.00069933	1.5726e+24	1.4841e+24	-8.0257e+17	1.0213e+18	1.2968e+22	8.8973e+21	-6.0989e+14	4.7292e+14	-6.4422e+42	3.1566e+42	
62017	4/23/2019 	11:52:34	37.2		0.00016403	-1.0016	0.00069868	1.1008e+24	1.4922e+24	-1.0892e+18	1.0232e+18	1.2808e+22	8.8578e+21	-1.9471e+14	4.7669e+14	-3.6382e+42	3.172e+42	
62018	4/23/2019 	11:53:19	37.2		0.00016729	-1.002	0.00070718	1.0206e+24	1.4979e+24	1.7647e+18	1.0114e+18	-8.4502e+21	8.7981e+21	-1.4054e+15	4.7175e+14	2.9849e+42	3.1825e+42	
62019	4/23/2019 	11:54:05	37.2		0.00016814	-1.0024	0.00070721	7.166e+23	1.4986e+24	1.4284e+18	1.0125e+18	-4.6065e+21	8.8719e+21	-1.583e+15	4.7319e+14	1.968e+42	3.2563e+42	
62020	4/23/2019 	11:54:50	37.2		0.00016776	-1.0024	0.0007013	6.4333e+23	1.4855e+24	-5.318e+17	1.003e+18	1.2198e+22	8.8455e+21	-6.2727e+14	4.6784e+14	-7.3094e+42	3.3684e+42	
62021	4/23/2019 	11:55:36	37.3		0.00017116	-1.0032	0.00071742	5.2832e+23	1.5406e+24	1.1321e+18	1.0089e+18	-8.084e+21	8.9676e+21	-1.1295e+15	5.0299e+14	1.1118e+42	3.425e+42	
62022	4/23/2019 	11:56:21	37.3		0.0001706	-1.0029	0.00071659	1.111e+24	1.5209e+24	2.2364e+18	1.0178e+18	-2.815e+21	8.764e+21	-1.1546e+15	4.855e+14	2.0082e+42	3.0085e+42	
62023	4/23/2019 	11:57:06	37.3		0.00017153	-1.004	0.00071954	-4.0163e+23	1.5479e+24	4.4707e+17	1.0023e+18	-3.3197e+21	8.8901e+21	-2.4046e+14	5.0766e+14	1.2094e+42	3.4532e+42	
62024	4/23/2019 	11:57:52	37.4		0.00017891	-1.0049	0.00072556	-1.3668e+24	1.5371e+24	-5.8732e+17	1.0541e+18	2.0669e+22	9.3426e+21	1.0136e+15	4.9474e+14	-7.5606e+42	3.3173e+42	
62025	4/23/2019 	11:58:37	37.4		0.00018033	-1.0041	0.00073348	2.0209e+23	1.5536e+24	2.1838e+18	1.0497e+18	-1.1668e+22	9.1557e+21	-1.5798e+15	4.9003e+14	3.1983e+42	3.3253e+42	
62026	4/23/2019 	11:59:23	37.4		0.00017618	-1.005	0.00073073	-8.6811e+22	1.5753e+24	2.012e+18	1.028e+18	-1.0206e+22	9.0757e+21	-5.1983e+14	5.158e+14	2.2697e+42	3.4518e+42	
62027	4/23/2019 	12:00:08	37.4		0.00017744	-1.0051	0.00073009	-2.4119e+23	1.5523e+24	2.953e+18	1.0421e+18	-1.4669e+22	9.0299e+21	-1.5654e+15	4.8727e+14	3.4731e+42	3.2769e+42	
62028	4/23/2019 	12:00:53	37.5		0.00017598	-1.0047	0.00072659	4.9617e+23	1.5409e+24	1.9861e+18	1.0364e+18	-5.9288e+21	8.9537e+21	-1.3238e+15	4.9037e+14	6.3894e+41	3.1255e+42	
62029	4/23/2019 	12:01:39	37.5		0.00018291	-1.0047	0.00074302	6.7639e+21	1.5724e+24	2.9205e+18	1.0527e+18	-1.146e+22	9.0431e+21	-1.287e+15	4.9702e+14	1.4422e+42	3.112e+42	
62030	4/23/2019 	12:02:24	37.5		0.00017618	-1.0058	0.00075564	-1.946e+24	1.6032e+24	1.2708e+18	1.0311e+18	-7.5241e+20	8.3476e+21	2.206e+15	4.9623e+14	1.8962e+42	2.8529e+42	
62031	4/23/2019 	12:03:09	37.6		0.00018338	-1.0055	0.00074134	-3.3651e+23	1.5751e+24	2.3091e+18	1.0583e+18	-9.4134e+21	9.1501e+21	-1.3214e+15	5.0416e+14	2.3048e+42	3.1841e+42	
62032	4/23/2019 	12:03:55	37.6		0.00017691	-1.0054	0.00073195	-3.7617e+23	1.5773e+24	2.3722e+18	1.0299e+18	-1.1444e+22	9.0986e+21	-7.8769e+14	5.1619e+14	4.1229e+42	3.4614e+42	
62033	4/23/2019 	12:04:40	37.6		0.00017706	-1.0052	0.00073391	1.7705e+23	1.5847e+24	2.0997e+18	1.0313e+18	-1.1425e+22	9.0795e+21	-7.8199e+14	5.2032e+14	3.6211e+42	3.4546e+42	
62034	4/23/2019 	12:05:26	37.7		0.0001835	-1.0054	0.00074841	-7.8339e+23	1.5688e+24	1.3586e+18	1.0404e+18	-7.5452e+21	8.9111e+21	9.658e+14	5.1546e+14	4.6479e+42	3.4937e+42	
62035	4/23/2019 	12:06:11	37.7		0.00017916	-1.0053	0.0007514	-3.7602e+23	1.6153e+24	-1.3118e+18	1.1719e+18	2.273e+22	8.8134e+21	7.234e+14	5.309e+14	-9.691e+42	3.4749e+42	
62036	4/23/2019 	12:06:56	37.7		0.00016838	-1.0059	0.00071465	-4.6965e+23	1.5207e+24	3.224e+18	1.014e+18	-2.257e+22	8.6857e+21	-1.8312e+15	4.7524e+14	5.0334e+42	3.0863e+42	
62037	4/23/2019 	12:07:42	37.8		0.00018281	-1.0055	0.00080778	8.0733e+23	1.6641e+24	2.9762e+18	1.1105e+18	-1.0047e+22	8.5099e+21	7.1483e+14	5.0437e+14	5.302e+41	1.8253e+42	
62038	4/23/2019 	12:08:27	37.8		0.00018708	-1.0062	0.00075011	-1.4712e+23	1.5935e+24	2.9851e+18	1.0701e+18	-2.085e+22	9.2523e+21	-1.2525e+15	4.9982e+14	4.8498e+42	3.3385e+42	
62039	4/23/2019 	12:09:12	37.9		0.00018505	-1.007	0.00075091	-1.6639e+24	1.6023e+24	2.3181e+18	1.0505e+18	-7.9952e+21	9.1573e+21	5.5725e+14	5.2447e+14	4.3735e+42	3.5311e+42	
62040	4/23/2019 	12:09:58	37.9		0.00018881	-1.0064	0.00075618	-2.5399e+23	1.5985e+24	2.5696e+18	1.0677e+18	-2.0085e+22	9.1463e+21	-1.4799e+15	5.0366e+14	4.312e+42	3.1254e+42	
62041	4/23/2019 	12:10:43	37.9		0.0001793	-1.0067	0.00073647	8.4252e+22	1.5563e+24	2.603e+18	1.0419e+18	-1.1461e+22	8.9349e+21	-1.1814e+15	4.8821e+14	2.1179e+42	3.09e+42	
62042	4/23/2019 	12:11:29	38		0.00018592	-1.0067	0.00075059	-1.1978e+24	1.5856e+24	2.9862e+18	1.0597e+18	-1.7956e+22	9.0745e+21	-1.5053e+15	4.9722e+14	2.7835e+42	3.1203e+42	
62043	4/23/2019 	12:12:14	38		0.00019091	-1.006	0.00078338	2.4246e+23	1.6486e+24	2.7855e+18	1.0863e+18	-1.7242e+22	8.8632e+21	-2.2365e+14	5.0962e+14	1.8901e+42	2.714e+42	
62044	4/23/2019 	12:12:59	38		0.00017117	-1.0057	0.00072384	4.595e+23	1.5483e+24	3.3735e+18	1.0196e+18	-1.9861e+22	8.6691e+21	-1.1533e+15	4.8329e+14	3.7753e+42	3.0571e+42	
62045	4/23/2019 	12:13:45	38.1		0.00018622	-1.0059	0.00074761	-3.9508e+23	1.5822e+24	2.9701e+18	1.0666e+18	-1.3377e+22	9.2159e+21	-1.4633e+15	4.9925e+14	4.5108e+42	3.2528e+42	
62046	4/23/2019 	12:14:30	38.1		0.00019077	-1.0052	0.00076458	9.3535e+23	1.6117e+24	2.5899e+18	1.0717e+18	-1.1195e+22	9.0903e+21	-1.0161e+15	5.0307e+14	1.0034e+42	3.0508e+42	
62047	4/23/2019 	12:15:16	38.2		0.00016201	-1.0054	0.00072433	-6.7718e+23	1.5331e+24	1.6063e+18	9.876e+17	4.1145e+20	7.9997e+21	2.6229e+15	4.7528e+14	8.6597e+41	2.7463e+42	
62048	4/23/2019 	12:16:01	38.2		0.00017728	-1.0055	0.00073214	8.1924e+23	1.5534e+24	3.209e+18	1.0404e+18	-1.9077e+22	8.935e+21	-1.5294e+15	4.8568e+14	4.5649e+42	3.1719e+42	
62049	4/23/2019 	12:16:46	38.3		0.00018817	-1.0056	0.0007519	5.5373e+23	1.6012e+24	2.8298e+18	1.0729e+18	-2.0477e+22	9.3061e+21	-1.3587e+15	5.0291e+14	3.8512e+42	3.3938e+42	
62050	4/23/2019 	12:17:32	38.3		0.00018313	-1.0063	0.00074476	-4.7793e+23	1.5741e+24	2.9765e+18	1.0516e+18	-8.3842e+21	9.008e+21	-1.4587e+15	4.955e+14	9.822e+41	3.0817e+42	
62051	4/23/2019 	12:18:17	38.3		0.00018417	-1.006	0.00074766	1.262e+24	1.5896e+24	3.2025e+18	1.0597e+18	-2.1359e+22	9.0699e+21	-1.504e+15	4.9635e+14	4.2709e+42	3.2114e+42	
62052	4/23/2019 	12:19:03	38.4		0.00018967	-1.0066	0.00075682	3.1376e+23	1.6005e+24	2.8754e+18	1.072e+18	-1.6641e+22	9.2053e+21	-1.5509e+15	5.0432e+14	2.1558e+42	3.1771e+42	
62053	4/23/2019 	12:19:48	38.4		0.00017242	-1.0063	0.00072246	6.0604e+23	1.5272e+24	2.9205e+18	1.0205e+18	-1.8121e+22	8.7454e+21	-1.4353e+15	4.8096e+14	2.2781e+42	2.9948e+42	
62054	4/23/2019 	12:20:33	38.5		0.00018714	-1.0062	0.00075186	6.6085e+23	1.5949e+24	3.5264e+18	1.0692e+18	-1.969e+22	9.1907e+21	-1.7272e+15	4.989e+14	4.0749e+42	3.2675e+42	
62055	4/23/2019 	12:21:19	38.5		0.00018576	-1.007	0.0007481	1.7543e+23	1.5871e+24	3.2343e+18	1.0614e+18	-1.1055e+22	9.1321e+21	-1.2755e+15	5.0602e+14	1.3149e+42	3.1279e+42	
62056	4/23/2019 	12:22:04	38.6		0.00017288	-0.99606	0.00070966	1.8279e+24	1.5121e+24	6.8424e+17	1.0289e+18	-1.7278e+21	8.9679e+21	-9.5255e+14	4.8024e+14	-1.1174e+42	3.4115e+42	
62057	4/23/2019 	12:22:57	38.6		0.00017902	-0.99551	0.00073377	2.1568e+24	1.5621e+24	-6.6616e+17	1.0975e+18	7.3534e+21	8.9704e+21	-1.3306e+15	5.0836e+14	-3.3981e+41	3.4893e+42	
62058	4/23/2019 	12:23:49	38.7		0.00017229	-0.99513	0.00071455	2.3674e+24	1.5133e+24	-2.5108e+17	1.0551e+18	3.6478e+21	8.8519e+21	-9.3183e+14	4.8627e+14	1.0112e+42	3.4178e+42	
62059	4/23/2019 	12:24:42	38.7		0.00016724	-0.99691	0.00070113	1.6941e+24	1.486e+24	-5.0138e+17	9.9919e+17	1.1363e+22	8.8698e+21	-5.7159e+14	4.6907e+14	-2.7507e+42	3.3661e+42	
62060	4/23/2019 	12:25:34	38.8		0.00017489	-0.99868	0.0007221	9.6526e+23	1.5412e+24	-8.9512e+17	1.0419e+18	4.6584e+21	8.923e+21	-1.0751e+15	5.0252e+14	-1.5467e+42	3.4556e+42	
62061	4/23/2019 	12:26:27	38.9		0.0001592	-0.99802	0.00069306	3.0154e+24	1.4989e+24	8.4548e+17	9.9851e+17	-1.1768e+22	8.8676e+21	-8.7142e+14	4.7952e+14	5.7279e+41	3.1769e+42	
62062	4/23/2019 	12:27:19	38.9		0.00016903	-0.99856	0.00070898	1.2662e+24	1.5167e+24	1.2735e+18	1.019e+18	-5.7084e+19	8.8828e+21	-6.1422e+14	4.9547e+14	-5.8309e+41	3.1202e+42	
62063	4/23/2019 	12:28:12	39		0.00017291	-0.99904	0.00071233	1.4037e+24	1.5091e+24	-3.7202e+17	1.0176e+18	7.8812e+21	8.9784e+21	-2.3979e+14	4.7578e+14	-1.5391e+42	3.4214e+42	
62064	4/23/2019 	12:29:04	39		0.00016511	-0.99894	0.00069629	1.551e+24	1.4752e+24	-1.5876e+17	9.9315e+17	8.6978e+21	8.8122e+21	-8.8892e+14	4.6534e+14	-1.6111e+42	3.3436e+42	
62065	4/23/2019 	12:29:57	39.1		0.00016384	-0.99822	0.00070468	3.3416e+24	1.4981e+24	-3.9666e+17	1.0742e+18	3.64e+21	8.5565e+21	-1.2708e+15	4.8874e+14	-3.3598e+41	3.3363e+42	
62066	4/23/2019 	12:30:49	39.2		0.00017045	-0.99802	0.00070729	2.1704e+24	1.5004e+24	7.0135e+16	1.0136e+18	1.2407e+22	9.0168e+21	-9.01e+14	4.7847e+14	-4.433e+42	3.3826e+42	
62067	4/23/2019 	12:31:42	39.2		0.00017174	-0.99757	0.00071485	2.658e+24	1.512e+24	-5.0149e+17	1.0737e+18	5.5652e+21	8.8126e+21	-1.1331e+15	4.8726e+14	-7.8691e+40	3.4121e+42	
62068	4/23/2019 	12:32:35	39.3		0.00016074	-0.99688	0.00069226	2.9606e+24	1.4811e+24	-6.2223e+17	9.7641e+17	1.3917e+22	8.6168e+21	-6.4291e+14	4.84e+14	-2.3657e+42	3.3235e+42	
62069	4/23/2019 	12:33:27	39.4		0.00016764	-0.99673	0.000707	3.0774e+24	1.4963e+24	-1.9452e+17	1.062e+18	7.9373e+21	8.7022e+21	-1.2978e+15	4.8363e+14	-7.3648e+41	3.3728e+42	
62070	4/23/2019 	12:34:20	39.4		0.00018328	-0.9953	0.00076804	4.4592e+24	1.614e+24	-7.1984e+17	1.3073e+18	2.2428e+21	8.6578e+21	1.1467e+15	5.1232e+14	-1.6018e+42	3.4939e+42	
62071	4/23/2019 	12:35:12	39.5		0.00018397	-0.99603	0.00073633	3.1063e+24	1.5701e+24	8.8361e+17	1.0587e+18	6.8488e+21	9.3659e+21	-1.1538e+14	5.0834e+14	2.8015e+41	3.4397e+42	
62072	4/23/2019 	12:36:05	39.6		0.00018052	-0.99549	0.00072994	3.5132e+24	1.5541e+24	-4.8557e+17	1.0606e+18	1.9214e+22	9.3037e+21	1.5448e+15	5.0552e+14	-4.0574e+42	3.2379e+42	
62073	4/23/2019 	12:36:57	39.6		0.00018311	-0.99528	0.00078381	3.1082e+24	1.6198e+24	-2.8455e+18	1.2758e+18	-5.8985e+21	8.5022e+21	-7.2106e+14	5.1373e+14	4.0771e+42	3.6111e+42	
62074	4/23/2019 	12:37:50	39.7		0.00016465	-0.99784	0.00076619	1.7896e+24	1.5885e+24	-1.772e+17	1.524e+18	6.2883e+21	8.1131e+21	1.0177e+15	4.8314e+14	1.1885e+42	3.2567e+42	
62075	4/23/2019 	12:38:42	39.8		0.00016578	-0.9976	0.0007265	2.0925e+24	1.5217e+24	7.4843e+16	1.0376e+18	1.963e+22	8.4142e+21	5.1929e+14	4.7891e+14	1.171e+42	2.193e+42	
62076	4/23/2019 	12:39:35	39.8		0.0001749	-0.99696	0.00073	3.7453e+24	1.5472e+24	-9.1397e+17	1.1322e+18	4.8019e+21	8.6082e+21	5.0108e+14	5.0325e+14	3.0872e+42	3.4528e+42	
62077	4/23/2019 	12:40:27	39.9		0.00016193	-0.99991	0.00069181	4.2255e+23	1.4671e+24	-1.8911e+17	1.0044e+18	1.8387e+22	8.6084e+21	-7.5669e+13	4.7109e+14	-5.5068e+40	3.3154e+42	
62078	4/23/2019 	12:41:20	40		0.0001751	-1.0026	0.00072524	1.9272e+23	1.5379e+24	3.185e+18	1.033e+18	-3.6492e+21	8.9123e+21	-1.3962e+15	4.8932e+14	6.6971e+42	3.0966e+42	
62079	4/23/2019 	12:42:12	40		0.0001863	-1.0056	0.00075031	-1.7407e+24	1.5859e+24	3.4874e+18	1.0629e+18	-1.1481e+22	9.1234e+21	-1.1714e+15	4.9778e+14	8.3892e+42	3.1651e+42	
62080	4/23/2019 	12:43:05	40.1		0.00017617	-1.0038	0.00072475	-2.9062e+23	1.5366e+24	2.1865e+18	1.037e+18	1.9271e+21	9.0607e+21	-1.4913e+15	4.8425e+14	5.7681e+42	3.3163e+42	
62081	4/23/2019 	12:43:57	40.2		0.00016899	-1.0046	0.00071347	-5.329e+23	1.5096e+24	2.6917e+18	1.0137e+18	-4.8522e+21	8.7244e+21	-1.2251e+15	4.763e+14	5.0625e+42	3.0343e+42	
62082	4/23/2019 	12:44:50	40.3		0.0001922	-1.0068	0.00076138	-1.1887e+24	1.6253e+24	4.1259e+18	1.0847e+18	-1.7275e+22	9.3732e+21	-1.3736e+15	5.1025e+14	1.055e+43	3.4084e+42	
62083	4/23/2019 	12:45:42	40.3		0.00018057	-1.0049	0.00074109	-8.35e+23	1.5924e+24	3.1881e+18	1.0373e+18	-1.5639e+22	9.1237e+21	-3.7936e+14	5.2301e+14	1.0794e+43	3.5194e+42	
62084	4/23/2019 	12:46:35	40.4		0.00016407	-1.0005	0.00070624	1.8265e+24	1.5201e+24	1.5485e+18	9.8844e+17	-1.1894e+22	8.7136e+21	-3.2098e+14	4.9969e+14	8.0114e+42	3.3593e+42	
62085	4/23/2019 	12:47:27	40.5		0.00017667	-1.005	0.00073151	-1.225e+24	1.5572e+24	3.3281e+18	1.0211e+18	-1.5426e+22	8.9823e+21	1.6623e+14	5.106e+14	1.1874e+43	3.4992e+42	
62086	4/23/2019 	12:48:20	40.6		0.00018755	-0.99311	0.0007424	5.7583e+23	1.5736e+24	-4.2305e+17	1.0579e+18	3.2209e+22	9.364e+21	1.5849e+15	4.9699e+14	1.5783e+42	3.5663e+42	
62087	4/23/2019 	12:49:22	40.7		0.00018783	-0.99417	0.00074222	3.0347e+24	1.573e+24	1.0246e+17	1.0616e+18	1.9399e+22	9.4406e+21	9.2231e+14	4.9853e+14	-2.5033e+41	3.5604e+42	
62088	4/23/2019 	12:50:19	40.7		0.00018974	-0.99308	0.00075254	2.2488e+24	1.6112e+24	-1.5754e+16	1.072e+18	2.2031e+22	9.3128e+21	5.1047e+14	5.2711e+14	2.2043e+42	3.6052e+42	
62089	4/23/2019 	12:51:16	40.8		0.00017426	-0.99648	0.00079317	3.0207e+24	1.6556e+24	-2.367e+18	1.6263e+18	4.8728e+21	8.0884e+21	-2.5806e+14	4.9535e+14	8.0121e+42	3.3469e+42	
62090	4/23/2019 	12:52:09	40.9		0.00017348	-0.99601	0.00081142	3.3631e+24	1.6491e+24	-1.0637e+18	1.7076e+18	4.5448e+20	8.1048e+21	4.8419e+14	4.9046e+14	3.572e+42	3.3561e+42	
62091	4/23/2019 	12:53:03	41		0.00016757	-0.9972	0.00070393	3.0373e+24	1.5098e+24	6.7984e+17	1.0183e+18	1.1814e+22	8.9143e+21	6.5265e+14	4.9966e+14	6.7741e+41	3.1126e+42	
62092	4/23/2019 	12:53:56	41.1		0.00017495	-0.99718	0.00080469	2.5205e+24	1.6707e+24	5.2203e+17	1.6578e+18	1.1878e+22	8.3138e+21	7.4157e+14	4.9705e+14	1.0798e+42	3.3353e+42	
62093	4/23/2019 	12:54:50	41.1		0.00015867	-0.99545	0.00082075	5.7453e+24	1.6365e+24	-7.1459e+18	2.058e+18	-1.0185e+21	7.3749e+21	5.6445e+14	4.6023e+14	1.8923e+41	3.316e+42	
62094	4/23/2019 	12:55:44	41.2		0.00016762	-0.99727	0.00071201	2.6295e+24	1.5041e+24	1.0403e+18	9.9212e+17	-2.0569e+22	8.7024e+21	2.5917e+14	4.9416e+14	8.4186e+42	3.4122e+42	
62095	4/23/2019 	12:56:37	41.3		0.00016721	-0.99749	0.00070174	2.6085e+24	1.4884e+24	4.5819e+16	1.0023e+18	1.1469e+22	8.8006e+21	2.2257e+15	4.7368e+14	1.4498e+42	3.37e+42	
62096	4/23/2019 	12:57:31	41.4		0.00017511	-0.99746	0.00072536	2.8434e+24	1.5599e+24	1.0278e+18	1.015e+18	-5.9214e+21	8.8998e+21	1.4643e+15	5.1137e+14	2.708e+42	3.4773e+42	
62097	4/23/2019 	12:58:24	41.5		0.0001698	-0.9977	0.00071535	2.9833e+24	1.5037e+24	1.8773e+18	9.9778e+17	-2.8144e+22	8.6787e+21	-9.3699e+14	4.9745e+14	1.2562e+43	3.4655e+42	
62098	4/23/2019 	12:59:18	41.6		0.00017254	-0.99852	0.00071536	3.2809e+24	1.5059e+24	2.936e+17	1.1208e+18	3.3774e+21	8.7914e+21	-3.4772e+14	4.8173e+14	1.2141e+42	3.4064e+42	
62099	4/23/2019 	13:00:11	41.7		0.00015739	-0.99885	0.00069682	3.3064e+24	1.5082e+24	1.7287e+18	9.7822e+17	-1.4047e+22	8.2947e+21	2.7485e+12	4.7506e+14	8.0584e+42	2.974e+42	
62100	4/23/2019 	13:01:05	41.7		0.00017261	-0.99994	0.00071873	3.0967e+24	1.5281e+24	2.4452e+18	1.0276e+18	-2.8835e+21	8.8972e+21	-7.1817e+14	4.901e+14	2.9231e+42	3.1074e+42	
62101	4/23/2019 	13:01:58	41.8		0.00019483	-1.0019	0.00077255	7.6306e+23	1.6609e+24	3.7204e+18	1.0898e+18	-2.6116e+22	9.2684e+21	-2.1237e+14	5.2018e+14	6.8654e+42	3.3016e+42	
62102	4/23/2019 	13:03:02	41.9		0.00059391	-1.0142	0.0013211	-3.8465e+25	2.7999e+24	4.8674e+18	1.8908e+18	4.5647e+22	1.6593e+22	9.4352e+15	8.8594e+14	-1.1595e+43	6.3433e+42	
62103	4/23/2019 	13:04:04	42		0.0014941	-0.28887	0.00223	-1.8984e+25	4.6683e+24	2.0133e+19	3.0644e+18	-6.0306e+22	2.4378e+22	8.8592e+15	1.4331e+15	-1.7882e+43	6.7331e+42	
62104	4/23/2019 	13:17:08	43.4		0.00017286	-0.996	0.00072029	4.253e+24	1.5163e+24	1.4904e+18	1.0051e+18	-2.0175e+22	8.7821e+21	5.3094e+13	5.022e+14	1.2109e+43	3.5169e+42	
62105	4/23/2019 	13:18:06	43.5		0.00023816	-1.0031	0.00084832	-1.355e+25	1.7832e+24	3.3647e+18	1.1815e+18	-3.5073e+21	1.0317e+22	-2.4687e+14	5.8789e+14	1.4895e+43	4.0739e+42	
62106	4/23/2019 	13:19:13	43.6		0.00018701	-0.9954	0.00075096	1.0646e+24	1.614e+24	1.1719e+18	1.0833e+18	1.7155e+22	9.1043e+21	7.746e+14	5.2712e+14	4.7022e+42	3.5735e+42	
62107	4/23/2019 	13:20:15	43.7		0.00016788	-0.99832	0.000708	-1.7936e+23	1.5171e+24	1.1153e+18	9.983e+17	2.0907e+22	8.795e+21	6.2663e+14	4.9668e+14	4.014e+42	3.3974e+42	
62108	4/23/2019 	13:21:17	43.9		0.00017294	-0.99782	0.00071247	1.0097e+24	1.5213e+24	1.5132e+18	1.033e+18	2.8293e+22	9.1371e+21	1.58e+15	5.0276e+14	2.0906e+42	3.2666e+42	
62109	4/23/2019 	13:22:19	44		0.00016815	-0.99711	0.00070472	1.0043e+24	1.5084e+24	1.2935e+18	1.0216e+18	3.088e+22	8.9487e+21	1.2618e+15	4.971e+14	2.1774e+42	3.1188e+42	
62110	4/23/2019 	13:23:20	44.1		0.000187	-0.99489	0.00076211	2.2597e+24	1.6385e+24	3.7989e+16	1.1704e+18	1.9578e+22	9.062e+21	-8.8657e+14	5.3919e+14	4.2707e+42	3.5592e+42	
62111	4/23/2019 	13:24:22	44.2		0.0001827	-0.99435	0.00076139	2.0431e+24	1.6333e+24	1.0152e+18	1.2025e+18	2.2653e+22	8.9182e+21	-3.6124e+14	5.3744e+14	5.4476e+42	3.511e+42	
62112	4/23/2019 	13:25:24	44.3		0.0001833	-0.99554	0.00073271	3.4281e+24	1.5526e+24	1.0927e+18	1.0474e+18	2.8322e+22	9.2926e+21	1.3912e+15	4.9039e+14	1.0235e+42	3.5205e+42	
62113	4/23/2019 	13:26:22	44.4		0.00017864	-0.99619	0.00072656	3.0609e+24	1.5437e+24	-3.8218e+17	1.0364e+18	3.6838e+22	9.0844e+21	1.0036e+15	4.962e+14	-9.4433e+41	3.489e+42	
62114	4/23/2019 	13:27:21	44.5		0.00016407	-0.99682	0.00069617	1.4928e+24	1.489e+24	1.6143e+18	1.0022e+18	2.0989e+22	8.8268e+21	-2.1462e+14	4.8575e+14	4.0929e+42	3.1938e+42	
62115	4/23/2019 	13:28:23	44.7		0.001514	-0.27477	0.0022429	-3.6741e+25	4.7081e+24	1.9631e+19	3.0803e+18	-4.1025e+22	2.4565e+22	1.0398e+16	1.447e+15	-1.0903e+43	6.9087e+42	
62116	4/23/2019 	13:35:03	45.5		0.00017919	-0.99546	0.00072511	9.8661e+23	1.5481e+24	1.8199e+18	1.0425e+18	4.1974e+22	9.2744e+21	6.9779e+14	5.0277e+14	5.4684e+42	3.4441e+42	
62117	4/23/2019 	13:36:13	45.6		0.00017911	-0.99606	0.00072777	8.9415e+22	1.5474e+24	1.3928e+18	1.0344e+18	4.143e+22	9.1084e+21	3.5036e+14	4.9775e+14	4.993e+42	3.4961e+42	
62118	4/23/2019 	13:37:23	45.7		0.00019777	-0.99393	0.00076288	1.1683e+24	1.6177e+24	8.245e+17	1.0857e+18	4.6654e+22	9.6356e+21	9.8619e+14	5.1146e+14	6.7149e+42	3.6633e+42	
62119	4/23/2019 	13:38:33	45.9		0.00017393	-0.9971	0.0007183	7.2994e+22	1.5302e+24	1.1744e+18	1.021e+18	3.9115e+22	8.9581e+21	1.2457e+15	4.9641e+14	6.5414e+42	3.4489e+42	
62120	4/23/2019 	13:39:42	46		0.00016923	-1.0002	0.00070473	-3.7526e+23	1.5097e+24	3.329e+18	1.0154e+18	3.4836e+22	9.0217e+21	3.3899e+14	4.9531e+14	8.1897e+42	3.3235e+42	
62121	4/23/2019 	13:40:51	46.2		0.00018555	-1.0051	0.00074511	-3.6888e+24	1.5751e+24	3.5942e+18	1.0397e+18	-1.8404e+22	9.097e+21	5.9541e+13	5.2222e+14	2.8961e+43	3.6673e+42	
62122	4/23/2019 	13:42:00	46.3		0.00017677	-0.99864	0.00071956	6.0095e+23	1.5246e+24	1.9504e+18	1.0285e+18	4.0478e+22	9.1196e+21	4.279e+14	4.8119e+14	5.1391e+42	3.4572e+42	
62123	4/23/2019 	13:43:09	46.4		0.0001834	-0.99502	0.00073423	1.8729e+24	1.5744e+24	1.3403e+18	1.0591e+18	4.0633e+22	9.3817e+21	-2.3253e+14	5.19e+14	5.7579e+42	3.4199e+42	
62124	4/23/2019 	13:44:17	46.6		0.0001898	-0.99468	0.00076286	2.0922e+24	1.6416e+24	1.1795e+18	1.1423e+18	3.2034e+22	9.1171e+21	-4.5493e+14	5.3763e+14	7.9015e+42	3.5872e+42	
62125	4/23/2019 	13:45:27	46.7		0.00017749	-0.99653	0.0007213	2.5911e+24	1.5302e+24	2.1281e+18	1.0329e+18	3.5897e+22	9.1934e+21	-3.7328e+14	4.8738e+14	3.1567e+42	3.4581e+42	
62126	4/23/2019 	13:46:32	46.9		0.00017904	-0.99538	0.00073304	2.3111e+24	1.5672e+24	7.7137e+17	1.0771e+18	3.5385e+22	8.9825e+21	-1.2653e+15	5.1072e+14	4.7099e+42	3.492e+42	
62127	4/23/2019 	13:47:38	47		0.00019171	-0.9943	0.00076172	3.4358e+24	1.6131e+24	1.6702e+18	1.171e+18	2.2835e+22	9.2566e+21	-1.9458e+15	5.2635e+14	7.6095e+42	3.6087e+42	
62128	4/23/2019 	13:48:44	47.2		0.00019035	-0.9944	0.00076115	3.8228e+24	1.6144e+24	2.4449e+18	1.0846e+18	3.6934e+22	9.2381e+21	5.6213e+14	5.1559e+14	7.7451e+41	2.9061e+42	
62129	4/23/2019 	13:49:49	47.3		0.00019197	-0.99527	0.00077265	2.9073e+24	1.6285e+24	3.8375e+17	1.1039e+18	3.6497e+22	9.1543e+21	1.3042e+15	5.1178e+14	3.3398e+42	2.6286e+42	
62130	4/23/2019 	13:50:53	47.4		0.00018621	-0.99481	0.00074791	3.0786e+24	1.5826e+24	1.8591e+18	1.1396e+18	2.0453e+22	9.1453e+21	-1.7598e+15	5.1441e+14	5.6919e+42	3.556e+42	
62131	4/23/2019 	13:51:57	47.6		0.00020311	-0.99518	0.0007813	2.5026e+24	1.684e+24	1.0749e+18	1.1144e+18	2.7276e+22	9.5545e+21	6.6806e+13	5.5202e+14	3.7867e+42	3.7289e+42	
62132	4/23/2019 	13:53:01	47.7		0.00019205	-0.99525	0.00075445	2.916e+24	1.6045e+24	1.6937e+18	1.0833e+18	2.8786e+22	9.3871e+21	-6.4527e+14	5.1956e+14	2.6462e+42	3.6187e+42	
62133	4/23/2019 	13:54:04	47.8		0.00019069	-0.99537	0.00075421	2.6126e+24	1.6061e+24	1.7626e+18	1.0811e+18	2.3964e+22	9.3973e+21	-6.1108e+14	5.1748e+14	5.6529e+42	3.3091e+42	
62134	4/23/2019 	13:55:09	48		0.00017773	-0.99757	0.00072782	1.9058e+24	1.556e+24	1.5247e+18	1.0369e+18	2.8111e+22	9.0224e+21	-5.5785e+14	5.0845e+14	3.0422e+42	3.4889e+42	
62135	4/23/2019 	13:56:11	48.1		0.00017689	-0.99747	0.0007223	2.4712e+24	1.5337e+24	1.8612e+18	1.0256e+18	2.5617e+22	9.0872e+21	-5.2846e+14	4.8824e+14	2.3582e+42	3.4704e+42	
62136	4/23/2019 	13:57:14	48.3		0.00017921	-0.99805	0.00072693	3.3518e+24	1.5412e+24	2.6846e+18	1.0382e+18	1.382e+22	9.2146e+21	-1.0603e+15	4.8707e+14	5.6761e+42	3.4734e+42	
62137	4/23/2019 	13:58:17	48.4		0.00017373	-1.0002	0.00071554	1.9592e+24	1.5171e+24	2.7888e+18	1.0264e+18	1.8015e+22	9.0938e+21	-9.5569e+14	4.8375e+14	5.5507e+42	3.3828e+42	
62138	4/23/2019 	13:59:20	48.5		0.00017937	-1.0019	0.00073112	1.7253e+24	1.5506e+24	3.9928e+18	1.0461e+18	6.5916e+21	9.1496e+21	-1.5333e+15	4.8871e+14	1.1195e+43	3.3587e+42	
62139	4/23/2019 	14:00:23	48.7		0.00018379	-1.005	0.00074022	-2.9009e+23	1.5704e+24	4.673e+18	1.0589e+18	4.3695e+21	9.2596e+21	-1.5591e+15	4.9477e+14	1.142e+43	3.4001e+42	
62140	4/23/2019 	14:01:25	48.8		0.00018293	-1.005	0.00073873	1.4234e+24	1.566e+24	4.98e+18	1.0569e+18	1.7176e+21	9.2269e+21	-1.734e+15	4.9343e+14	1.1411e+43	3.3702e+42	
62141	4/23/2019 	14:02:28	49		0.0001939	-1.0059	0.00076203	3.5882e+23	1.6238e+24	5.7057e+18	1.0872e+18	-9.4841e+21	9.4883e+21	-1.7506e+15	5.1129e+14	1.6072e+43	3.5005e+42	
62142	4/23/2019 	14:03:31	49.1		0.00019136	-1.0062	0.00075608	3.5133e+23	1.6059e+24	5.5972e+18	1.0809e+18	-4.3708e+21	9.4331e+21	-1.6972e+15	5.0538e+14	1.3271e+43	3.4615e+42	
62143	4/23/2019 	14:04:34	49.2		0.00021194	-1.0071	0.00079277	4.404e+23	1.6823e+24	4.1592e+18	1.1375e+18	1.455e+22	9.9858e+21	-1.267e+15	5.3713e+14	8.4825e+42	3.6336e+42	
62144	4/23/2019 	14:05:37	49.4		0.00018708	-0.99548	0.00076722	1.8754e+24	1.6491e+24	1.8219e+18	1.1944e+18	3.0246e+22	9.0005e+21	-5.4605e+14	5.4169e+14	7.0249e+42	3.5501e+42	
62145	4/23/2019 	14:06:51	49.5		0.00018485	-0.99571	0.00074896	1.6993e+24	1.592e+24	2.0532e+18	1.1447e+18	2.8895e+22	9.0846e+21	-1.5256e+15	5.1965e+14	4.2812e+42	3.5436e+42	
62146	4/23/2019 	14:08:05	49.7		0.00018329	-0.99595	0.00073233	1.6526e+24	1.5669e+24	2.6705e+18	1.0532e+18	3.5916e+22	9.3914e+21	-6.3879e+14	5.1115e+14	2.6229e+42	3.4985e+42	
62147	4/23/2019 	14:09:19	49.9		0.00018736	-0.99522	0.00074091	2.2996e+24	1.5828e+24	2.6842e+18	1.065e+18	3.266e+22	9.488e+21	-3.1695e+14	5.1444e+14	2.6472e+42	3.5334e+42	
62148	4/23/2019 	14:10:33	50		0.0001846	-0.99579	0.00075005	2.7622e+24	1.5954e+24	2.0076e+18	1.1521e+18	2.8205e+22	9.0665e+21	-1.5804e+15	5.2154e+14	3.6034e+42	3.5403e+42	
62149	4/23/2019 	14:11:46	50.2		0.00018726	-0.99536	0.00075052	3.7026e+24	1.5938e+24	2.3105e+18	1.1315e+18	1.8638e+22	9.1724e+21	-1.7696e+15	5.1847e+14	5.657e+42	3.5679e+42	
62150	4/23/2019 	14:12:59	50.4		0.00018786	-0.99693	0.00074409	1.6613e+24	1.5935e+24	3.2075e+18	1.072e+18	2.7095e+22	9.4692e+21	-6.0857e+14	5.2211e+14	2.8274e+42	3.4421e+42	
62151	4/23/2019 	14:14:12	50.6		0.0001834	-0.99897	0.00073579	1.4999e+24	1.5597e+24	3.3733e+18	1.0555e+18	1.8946e+22	9.3326e+21	-9.8023e+14	4.9699e+14	9.8773e+42	3.4584e+42	
62152	4/23/2019 	14:15:25	50.7		0.00018435	-1.0009	0.00073809	1.7115e+24	1.5645e+24	3.3372e+18	1.0587e+18	1.851e+22	9.3477e+21	-1.0935e+15	4.9819e+14	6.9262e+42	3.4548e+42	
62153	4/23/2019 	14:16:38	50.9		0.00017847	-1.0026	0.0007256	5.2838e+23	1.5376e+24	4.0277e+18	1.0405e+18	1.9874e+22	9.2096e+21	-1.1771e+15	4.8908e+14	8.8796e+42	3.4257e+42	
62154	4/23/2019 	14:17:51	51.1		0.00018922	-1.0034	0.00075266	7.692e+23	1.6037e+24	6.1073e+18	1.0739e+18	3.1735e+21	9.3766e+21	-1.441e+15	5.0506e+14	1.4659e+43	3.4621e+42	
62155	4/23/2019 	14:19:04	51.2		0.000192	-1.0044	0.00075444	9.4448e+23	1.5996e+24	5.415e+18	1.0802e+18	1.48e+22	9.5183e+21	-1.5189e+15	5.0556e+14	1.0096e+43	3.5366e+42	
62156	4/23/2019 	14:20:17	51.4		0.00020213	-1.0055	0.0007758	1.8263e+23	1.6442e+24	4.9938e+18	1.1105e+18	9.7013e+21	9.7179e+21	-1.8574e+15	5.1875e+14	1.213e+43	3.5611e+42	
62157	4/23/2019 	14:21:30	51.6		0.00019248	-1.0057	0.00075586	1.6789e+23	1.6034e+24	5.7079e+18	1.0818e+18	3.0705e+21	9.522e+21	-1.5408e+15	5.0634e+14	1.4263e+43	3.5366e+42	
62158	4/23/2019 	14:22:43	51.7		0.00020519	-1.0062	0.00078067	1.0338e+24	1.6611e+24	5.1821e+18	1.1119e+18	8.387e+21	9.8424e+21	-9.7736e+14	5.2652e+14	1.292e+43	3.7073e+42	
62159	4/23/2019 	14:23:57	51.9		0.00019375	-0.99555	0.00075271	1.6008e+24	1.6116e+24	3.4737e+18	1.0829e+18	3.9234e+22	9.6591e+21	-4.0513e+14	5.2674e+14	5.3363e+42	3.5973e+42	
62160	4/23/2019 	14:25:22	52.1		0.00019224	-0.99635	0.00075386	1.3396e+24	1.6029e+24	3.36e+18	1.0691e+18	3.7014e+22	9.4567e+21	-5.8637e+14	5.1405e+14	6.0229e+42	3.6223e+42	
62161	4/23/2019 	14:26:47	52.3		0.00019071	-0.99747	0.00074826	1.5179e+24	1.5894e+24	4.1824e+18	1.0734e+18	3.2421e+22	9.5483e+21	-9.1646e+14	5.094e+14	6.2697e+42	3.569e+42	
62162	4/23/2019 	14:28:13	52.5		0.00018021	-0.99935	0.00072667	7.8607e+23	1.5569e+24	4.1503e+18	1.0468e+18	3.6829e+22	9.3171e+21	-3.0291e+14	5.1087e+14	5.7015e+42	3.4456e+42	
62163	4/23/2019 	14:29:38	52.7		0.00018826	-1.0016	0.00074603	-4.4328e+23	1.5807e+24	4.9039e+18	1.069e+18	2.1847e+22	9.444e+21	-1.4332e+15	5.0089e+14	1.1633e+43	3.5136e+42	
62164	4/23/2019 	14:31:03	52.9		0.0001778	-1.0011	0.000725	7.3894e+23	1.5361e+24	4.7076e+18	1.0389e+18	2.2791e+22	9.1783e+21	-1.115e+15	4.8679e+14	1.0501e+43	3.4149e+42	
62165	4/23/2019 	14:32:28	53.1		0.00017713	-1.0008	0.00072135	3.0383e+23	1.5444e+24	4.2237e+18	1.039e+18	3.1812e+22	9.2221e+21	-4.8561e+14	5.0566e+14	6.618e+42	3.3931e+42	
62166	4/23/2019 	14:33:54	53.4		0.00018707	-1.0018	0.00074148	-1.8498e+22	1.5885e+24	4.851e+18	1.0685e+18	3.4317e+22	9.475e+21	-1.8521e+14	5.212e+14	5.7961e+42	3.474e+42	
62167	4/23/2019 	14:35:19	53.6		0.00019603	-1.0031	0.00076322	-7.728e+21	1.6216e+24	6.2292e+18	1.0906e+18	1.3057e+22	9.6086e+21	-1.265e+15	5.1206e+14	1.455e+43	3.5855e+42	
62168	4/23/2019 	14:36:44	53.8		0.00019512	-1.0037	0.0007617	-5.5759e+23	1.618e+24	6.4827e+18	1.0889e+18	7.2773e+21	9.578e+21	-9.592e+14	5.1059e+14	1.5623e+43	3.5631e+42	
62169	4/23/2019 	14:38:10	54		0.00021466	-1.0061	0.00079813	-6.5054e+23	1.6939e+24	6.7908e+18	1.1417e+18	9.7777e+21	1.0061e+22	-9.2616e+14	5.3493e+14	1.5455e+43	3.7483e+42	
62170	4/23/2019 	14:39:35	54.2		0.00019081	-0.99763	0.00074925	-1.4502e+24	1.5885e+24	3.9123e+18	1.0704e+18	4.6358e+22	9.4066e+21	7.1728e+14	5.0396e+14	5.4063e+42	3.5981e+42	
62171	4/23/2019 	14:41:15	54.4		0.00018101	-0.99818	0.00073041	-4.9806e+23	1.5502e+24	5.2464e+18	1.0377e+18	3.3639e+22	9.2088e+21	2.7354e+14	4.9179e+14	9.135e+42	3.508e+42	
62172	4/23/2019 	14:42:55	54.7		0.00017974	-1.0005	0.00072791	-7.6178e+23	1.5452e+24	4.2917e+18	1.0346e+18	4.62e+22	9.1514e+21	7.1181e+14	4.918e+14	5.4793e+42	3.4973e+42	
62173	4/23/2019 	14:44:34	54.9		0.00018882	-0.99948	0.0007464	-9.239e+23	1.584e+24	4.6485e+18	1.0695e+18	4.584e+22	9.3312e+21	1.0839e+15	5.0721e+14	5.1987e+42	3.5828e+42	
62174	4/23/2019 	14:46:14	55.2		0.00019217	-0.99904	0.00075968	-8.9457e+23	1.638e+24	4.9247e+18	1.0656e+18	2.128e+22	9.3609e+21	1.0172e+15	5.3765e+14	1.5182e+43	3.6391e+42	
62175	4/23/2019 	14:47:53	55.4		0.00019705	-0.99945	0.00076932	-1.0493e+24	1.658e+24	4.8534e+18	1.0877e+18	2.2825e+22	9.4296e+21	1.37e+15	5.4396e+14	1.1601e+43	3.6788e+42	
62176	4/23/2019 	14:49:33	55.7		0.00019861	-0.99871	0.00077207	3.8145e+23	1.6646e+24	5.1941e+18	1.0885e+18	1.4764e+22	9.4978e+21	1.6135e+15	5.4634e+14	1.2082e+43	3.6953e+42	
62177	4/23/2019 	14:51:13	55.9		0.00019211	-1.0003	0.00075893	-1.2912e+24	1.635e+24	6.1517e+18	1.0733e+18	1.8838e+22	9.3476e+21	1.6214e+15	5.3646e+14	1.0953e+43	3.6317e+42	
62178	4/23/2019 	14:52:52	56.2		0.00019468	-1.0009	0.00076473	-1.6805e+24	1.6447e+24	4.9254e+18	1.0736e+18	1.4221e+22	9.3703e+21	1.6679e+15	5.3921e+14	1.4298e+43	3.6631e+42	
62179	4/23/2019 	14:54:32	56.4		0.00017826	-0.99909	0.00072392	8.0828e+23	1.5343e+24	4.7231e+18	1.035e+18	3.7817e+22	9.0933e+21	2.8818e+15	4.8579e+14	3.2731e+42	3.4761e+42	
62180	4/23/2019 	14:56:11	56.7		0.00018926	-0.99897	0.0007459	7.2934e+23	1.5805e+24	5.5464e+18	1.0703e+18	3.5121e+22	9.3548e+21	3.1217e+15	5.0063e+14	3.5385e+42	3.5802e+42	
62181	4/23/2019 	14:57:51	56.9		0.00019262	-0.99884	0.00075944	3.9893e+23	1.6331e+24	6.1181e+18	1.0778e+18	1.9476e+22	9.3658e+21	2.3713e+15	5.3545e+14	9.5925e+42	3.6345e+42	
62182	4/23/2019 	14:59:31	57.2		0.0001952	-1.0001	0.00075857	1.4879e+23	1.6099e+24	5.1424e+18	1.0821e+18	3.7568e+22	9.509e+21	3.6894e+15	5.1368e+14	3.0289e+42	3.6433e+42	
62183	4/23/2019 	15:01:10	57.4		0.00018962	-1.0005	0.00074617	1.501e+24	1.5809e+24	5.2289e+18	1.0668e+18	3.9523e+22	9.3888e+21	3.8203e+15	4.9902e+14	7.2148e+41	3.5832e+42	
62184	4/23/2019 	15:02:50	57.7		0.00019654	-1.0002	0.00076035	1.5291e+24	1.612e+24	5.8266e+18	1.0861e+18	3.4774e+22	9.5484e+21	3.5324e+15	5.1125e+14	3.2118e+42	3.6515e+42	
62185	4/23/2019 	15:04:29	57.9		0.00019094	-1	0.00075063	1.0807e+24	1.5935e+24	5.7435e+18	1.0731e+18	3.5619e+22	9.3904e+21	3.4596e+15	5.1038e+14	3.5897e+42	3.604e+42	
62186	4/23/2019 	15:06:09	58.2		0.00019414	-0.99989	0.00075521	1.4516e+24	1.6004e+24	5.9753e+18	1.0788e+18	3.5067e+22	9.501e+21	3.2919e+15	5.0572e+14	3.5134e+42	3.6272e+42	
62187	4/23/2019 	15:07:49	58.5		0.0001908	-0.99993	0.00075006	1.5695e+24	1.5919e+24	6.8406e+18	1.0704e+18	3.4015e+22	9.3983e+21	4.1211e+15	5.0833e+14	3.4904e+42	3.6022e+42	
62188	4/23/2019 	15:09:28	58.7		0.00018867	-1.0008	0.00074492	1.7872e+24	1.579e+24	6.7563e+18	1.0663e+18	3.613e+22	9.3466e+21	3.5902e+15	5.0077e+14	1.7591e+42	3.5766e+42	
62189	4/23/2019 	15:11:08	59		0.00019943	-1.0001	0.00076477	3.0935e+24	1.62e+24	6.0111e+18	1.0933e+18	3.6626e+22	9.6446e+21	4.0501e+15	5.1033e+14	2.4722e+42	3.6734e+42	
62190	4/23/2019 	15:12:47	59.2		0.00020037	-1.0004	0.00076893	1.7262e+24	1.6326e+24	6.9582e+18	1.097e+18	2.7436e+22	9.6279e+21	4.2897e+15	5.2252e+14	2.893e+42	3.6928e+42	
62191	4/23/2019 	15:14:27	59.5		0.00019311	-1.0004	0.00075348	2.0591e+24	1.5972e+24	7.3823e+18	1.0754e+18	2.8996e+22	9.475e+21	5.0507e+15	5.0556e+14	2.129e+42	3.619e+42	
62192	4/23/2019 	15:16:06	59.7		0.00019188	-0.99946	0.00075202	2.0455e+24	1.5958e+24	6.7431e+18	1.0727e+18	2.8812e+22	9.4293e+21	3.625e+15	5.0884e+14	1.8898e+42	3.6118e+42	
62193	4/23/2019 	15:17:46	60		0.00019947	-0.99772	0.00076625	2.7707e+24	1.6248e+24	6.5178e+18	1.0961e+18	2.68e+22	9.6081e+21	3.7167e+15	5.1646e+14	2.6968e+42	3.679e+42	
62194	4/23/2019 	15:19:26	60.3		0.00022271	-0.99424	0.00080881	4.3593e+24	1.7139e+24	5.8872e+18	1.1547e+18	3.3506e+22	1.0184e+22	3.7263e+15	5.4121e+14	-3.2891e+41	3.8847e+42	
62195	4/23/2019 	15:21:06	60.5		0.00020517	-0.99511	0.00077789	3.8894e+24	1.6516e+24	6.4238e+18	1.107e+18	2.8856e+22	9.7597e+21	3.6816e+15	5.2718e+14	2.3886e+42	3.7371e+42	
62196	4/23/2019 	15:22:43	60.8		0.00020885	-0.99576	0.00078497	3.4978e+24	1.6669e+24	7.1441e+18	1.1171e+18	2.8468e+22	9.8441e+21	3.4121e+15	5.3263e+14	7.323e+41	3.7708e+42	
62197	4/23/2019 	15:24:21	61		0.00021726	-0.99567	0.00080011	3.3959e+24	1.6979e+24	7.2739e+18	1.1389e+18	2.7538e+22	1.005e+22	4.1452e+15	5.4032e+14	1.0867e+42	3.8438e+42	
62198	4/23/2019 	15:25:59	61.3		0.00020937	-0.99479	0.00078581	4.7842e+24	1.6683e+24	7.4054e+18	1.1191e+18	2.5924e+22	9.854e+21	4.306e+15	5.3271e+14	9.3919e+41	3.7746e+42	
62199	4/23/2019 	15:27:36	61.5		0.00021891	-0.99458	0.00080337	4.5458e+24	1.7055e+24	7.3936e+18	1.1421e+18	2.5457e+22	1.0094e+22	4.3412e+15	5.4319e+14	9.5259e+41	3.8597e+42	
62200	4/23/2019 	15:29:14	61.8		0.00020539	-0.99668	0.00077817	3.9729e+24	1.6518e+24	8.0646e+18	1.1077e+18	2.5415e+22	9.7661e+21	4.5281e+15	5.2669e+14	-4.5571e+40	3.7383e+42	
62201	4/23/2019 	15:30:51	62.1		0.00020181	-0.99733	0.00077119	4.9314e+24	1.6365e+24	7.7423e+18	1.0992e+18	2.9322e+22	9.675e+21	3.7342e+15	5.215e+14	-4.5293e+41	3.7042e+42	
62202	4/23/2019 	15:32:27	62.3		0.0001996	-0.99773	0.00076665	4.7608e+24	1.6262e+24	8.1109e+18	1.0941e+18	1.7863e+22	9.6204e+21	4.0317e+15	5.1719e+14	1.0317e+42	3.682e+42	
62203	4/23/2019 	15:34:04	62.6		0.00019527	-0.99906	0.00075866	4.4653e+24	1.61e+24	8.8507e+18	1.082e+18	1.3595e+22	9.513e+21	3.3418e+15	5.134e+14	1.1245e+42	3.6438e+42	
62204	4/23/2019 	15:35:40	62.8		0.00020882	-1.0011	0.00078423	3.9077e+24	1.6634e+24	7.6901e+18	1.1209e+18	2.1046e+22	9.8309e+21	3.9168e+15	5.2955e+14	-1.9726e+42	3.7656e+42	
62205	4/23/2019 	15:37:17	63.1		0.00021051	-1.0033	0.00078654	2.6428e+24	1.667e+24	9.3251e+18	1.1225e+18	1.5987e+22	9.8982e+21	4.1917e+15	5.2704e+14	-2.4677e+42	3.778e+42	
62206	4/23/2019 	15:38:54	63.3		0.00021908	-1.0043	0.00080253	2.436e+24	1.701e+24	9.1716e+18	1.1467e+18	1.6419e+22	1.0084e+22	4.1221e+15	5.3856e+14	-3.6197e+42	3.8541e+42	
62207	4/23/2019 	15:40:30	63.6		0.0002169	-1.0057	0.00079916	1.3052e+24	1.6951e+24	1.0003e+19	1.1403e+18	2.0069e+22	1.003e+22	4.7018e+15	5.3893e+14	-1.4632e+42	3.8382e+42	
62208	4/23/2019 	15:42:07	63.9		0.00022885	-1.0059	0.00082042	2.9218e+24	1.7391e+24	1.0021e+19	1.1732e+18	2.3618e+22	1.0298e+22	5.4052e+15	5.5143e+14	-5.6641e+42	3.9394e+42	
62209	4/23/2019 	15:43:43	64.1		0.00022716	-1.0071	0.00081804	2.1307e+24	1.7358e+24	1.0163e+19	1.1655e+18	1.3466e+22	1.0271e+22	4.8164e+15	5.5238e+14	-1.4823e+42	3.9296e+42	
62210	4/23/2019 	15:45:20	64.4		0.00023872	-1.0091	0.00083747	1.2263e+24	1.7746e+24	9.9059e+18	1.1973e+18	2.5893e+22	1.0529e+22	5.049e+15	5.6088e+14	-7.5289e+42	4.0217e+42	
62211	4/23/2019 	15:46:57	64.6		0.00019062	-0.99859	0.00074962	1.5628e+24	1.5912e+24	9.5921e+18	1.0668e+18	1.3239e+22	9.4115e+21	5.0267e+15	5.0705e+14	-5.5351e+41	3.6014e+42	
62212	4/23/2019 	15:48:53	64.9		0.00021088	-1.0005	0.00078778	2.0196e+24	1.6706e+24	9.6893e+18	1.1238e+18	1.3337e+22	9.8958e+21	5.2667e+15	5.3017e+14	-9.9173e+41	3.7837e+42	
62213	4/23/2019 	15:50:49	65.2		0.00020961	-1.0039	0.00078538	-4.4134e+22	1.6654e+24	1.1509e+19	1.1213e+18	1.4527e+22	9.8606e+21	5.4935e+15	5.2871e+14	-2.7466e+42	3.7718e+42	
62214	4/23/2019 	15:52:45	65.6		0.00021788	-1.005	0.00080098	-1.7012e+24	1.6991e+24	1.0425e+19	1.1425e+18	2.4029e+22	1.0055e+22	5.8303e+15	5.4022e+14	-2.7168e+42	3.847e+42	
62215	4/23/2019 	15:54:41	65.9		0.00021422	-1.0044	0.00079412	-3.3536e+23	1.6843e+24	1.0871e+19	1.1334e+18	2.4916e+22	9.9681e+21	5.771e+15	5.3521e+14	-1.6758e+42	3.814e+42	
62216	4/23/2019 	15:56:37	66.2		0.00022462	-1.0037	0.00081335	5.2989e+23	1.7254e+24	1.1745e+19	1.16e+18	2.8011e+22	1.0208e+22	6.517e+15	5.4884e+14	-3.0121e+42	3.9067e+42	
62217	4/23/2019 	15:58:33	66.5		0.00021672	-1.0034	0.00079906	7.5294e+23	1.6954e+24	1.171e+19	1.1395e+18	3.1184e+22	1.0025e+22	6.6221e+15	5.3989e+14	-1.3545e+42	3.838e+42	
62218	4/23/2019 	16:00:29	66.8		0.00021479	-1.0014	0.00079538	2.128e+24	1.6874e+24	1.2393e+19	1.1338e+18	2.6099e+22	9.9851e+21	6.7192e+15	5.3679e+14	6.6177e+41	3.8206e+42	
62219	4/23/2019 	16:02:25	67.1		0.00020584	-1.0005	0.00077862	2.4923e+24	1.6519e+24	1.1936e+19	1.1096e+18	2.2342e+22	9.7769e+21	7.5568e+15	5.2534e+14	1.0639e+42	3.7402e+42	
62220	4/23/2019 	16:04:21	67.4		0.00021422	-0.99935	0.00079457	3.7876e+24	1.6863e+24	1.2333e+19	1.1315e+18	2.5616e+22	9.9736e+21	7.5894e+15	5.3719e+14	2.5536e+42	3.8169e+42	
62221	4/23/2019 	16:06:17	67.7		0.0002178	-1.0006	0.00080078	4.0805e+24	1.6985e+24	1.2714e+19	1.1422e+18	2.6085e+22	1.0054e+22	8.0597e+15	5.3981e+14	5.0009e+41	3.8462e+42	
62222	4/23/2019 	16:08:13	68.1		0.00023372	-1.0038	0.00082971	1.3783e+24	1.7603e+24	1.4005e+19	1.1826e+18	2.7499e+22	1.0416e+22	8.2882e+15	5.6001e+14	7.8272e+41	3.9854e+42	
62223	4/23/2019 	16:10:09	68.4		0.00023192	-1.0053	0.00082613	2.5896e+24	1.7519e+24	1.3755e+19	1.1792e+18	2.1481e+22	1.0374e+22	8.4049e+15	5.5612e+14	1.1999e+42	3.9676e+42	
62224	4/23/2019 	16:12:06	68.7		0.00021437	-0.99848	0.00079473	1.6548e+24	1.6864e+24	1.3751e+19	1.1321e+18	2.473e+22	9.9772e+21	8.6556e+15	5.3684e+14	7.3522e+41	3.8176e+42	
62225	4/23/2019 	16:14:20	69.1		0.00021875	-1.0017	0.00080256	1.8635e+24	1.7023e+24	1.4428e+19	1.1448e+18	3.1455e+22	1.0076e+22	9.2114e+15	5.4105e+14	-4.5087e+41	3.8547e+42	
62226	4/23/2019 	16:16:35	69.4		0.00022683	-1.0033	0.00081741	4.7717e+23	1.7342e+24	1.5073e+19	1.1654e+18	3.4405e+22	1.026e+22	9.7239e+15	5.5184e+14	-1.4311e+42	3.9263e+42	
62227	4/23/2019 	16:18:49	69.8		0.00024924	-1.0053	0.00085658	-1.3442e+24	1.8168e+24	1.5498e+19	1.2212e+18	3.5933e+22	1.076e+22	1.055e+16	5.7703e+14	-1.1127e+42	4.1144e+42	
62228	4/23/2019 	16:21:04	70.1		0.00025069	-1.0067	0.0008594	-1.2943e+24	1.8235e+24	1.6506e+19	1.2247e+18	2.4326e+22	1.0788e+22	1.0222e+16	5.8044e+14	2.2487e+41	4.1283e+42	
62229	4/23/2019 	16:23:19	70.5		0.00023163	-0.99727	0.00082607	-7.6226e+23	1.7528e+24	1.5933e+19	1.1765e+18	3.5525e+22	1.0374e+22	1.0657e+16	5.577e+14	1.4957e+42	3.9683e+42	
62230	4/23/2019 	16:25:57	70.9		0.00022235	-0.99912	0.00080949	-1.1449e+24	1.718e+24	1.6547e+19	1.1527e+18	2.7611e+22	1.0162e+22	1.0945e+16	5.4721e+14	2.3759e+42	3.8886e+42	
62231	4/23/2019 	16:28:35	71.4		0.00022317	-1.0002	0.00081068	-9.2241e+23	1.7199e+24	1.7208e+19	1.1549e+18	3.3379e+22	1.0184e+22	1.0952e+16	5.4659e+14	5.8458e+39	3.8944e+42	
62232	4/23/2019 	16:31:13	71.8		0.00023517	-1.0021	0.00083245	-2.8329e+24	1.7665e+24	1.8607e+19	1.1859e+18	3.2737e+22	1.0449e+22	1.2598e+16	5.6256e+14	1.9283e+42	3.9988e+42	
62233	4/23/2019 	16:33:51	72.2		0.00023213	-1.0036	0.00082707	-3.8734e+24	1.7551e+24	2.0164e+19	1.1782e+18	3.35e+22	1.0381e+22	1.2515e+16	5.5894e+14	3.2205e+42	3.973e+42	
62234	4/23/2019 	16:36:29	72.7		0.00024817	-1.0046	0.00085509	-3.8648e+24	1.8145e+24	2.0355e+19	1.2182e+18	3.4189e+22	1.0734e+22	1.3708e+16	5.7765e+14	1.0911e+42	4.1074e+42	
62235	4/23/2019 	16:39:07	73.1		0.0002382	-1.0054	0.00083775	-5.0984e+24	1.7778e+24	2.0804e+19	1.1935e+18	4.246e+22	1.0515e+22	1.4594e+16	5.6607e+14	-8.0045e+41	4.0241e+42	
62236	4/23/2019 	16:41:45	73.5		0.00024455	-1.0055	0.00084894	-5.1807e+24	1.8017e+24	2.172e+19	1.2086e+18	3.4744e+22	1.0659e+22	1.4592e+16	5.7375e+14	-6.8351e+40	4.0782e+42	
62237	4/23/2019 	16:44:23	73.9		0.00027291	-1.0066	0.00089658	-3.9768e+24	1.9022e+24	2.2454e+19	1.2778e+18	3.1157e+22	1.1256e+22	1.5209e+16	6.0514e+14	-7.8023e+41	4.3066e+42	
62238	4/23/2019 	16:47:01	74.4		0.00024017	-0.9984	0.00084162	-5.8574e+24	1.7869e+24	2.1947e+19	1.1971e+18	3.7868e+22	1.0564e+22	1.532e+16	5.7008e+14	1.7194e+42	4.0433e+42	
62239	4/23/2019 	16:50:07	74.9		0.00024599	-1.001	0.00085138	-5.9569e+24	1.8068e+24	2.4046e+19	1.212e+18	3.9641e+22	1.0692e+22	1.6852e+16	5.7513e+14	1.1024e+42	4.09e+42	
62240	4/23/2019 	16:53:12	75.4		0.00024005	-1.0017	0.00084105	-5.7525e+24	1.7849e+24	2.5104e+19	1.1974e+18	3.5237e+22	1.0561e+22	1.7367e+16	5.6821e+14	2.2286e+42	4.0403e+42	
62241	4/23/2019 	16:56:18	75.9		0.00026773	-1.0043	0.00088807	-7.3242e+24	1.8844e+24	2.6429e+19	1.2646e+18	4.4897e+22	1.1156e+22	1.843e+16	5.9931e+14	-2.2998e+41	4.2662e+42	
62242	4/23/2019 	16:59:24	76.4		0.00027849	-1.0071	0.00090568	-1.0386e+25	1.9216e+24	2.8483e+19	1.2902e+18	4.2811e+22	1.1375e+22	1.9634e+16	6.1103e+14	3.9652e+42	4.3505e+42	
62243	4/23/2019 	17:02:29	76.9		0.00030516	-1.008	0.00094806	-9.2129e+24	2.0114e+24	3.0073e+19	1.3508e+18	4.7354e+22	1.1906e+22	2.1151e+16	6.3966e+14	1.2093e+42	4.5541e+42	
62244	4/23/2019 	17:05:36	77.4		0.00025538	-0.9991	0.00086741	-1.0683e+25	1.8408e+24	3.017e+19	1.2346e+18	4.9778e+22	1.0898e+22	2.0993e+16	5.8556e+14	3.1096e+42	4.1671e+42	
62245	4/23/2019 	17:09:16	78		0.00027247	-1.0053	0.00089602	-1.3286e+25	1.9015e+24	3.2792e+19	1.2757e+18	5.002e+22	1.1252e+22	2.2973e+16	6.0529e+14	2.8409e+42	4.3044e+42	
62246	4/23/2019 	17:12:57	78.6		0.00029228	-1.0057	0.00092815	-2.1147e+25	1.97e+24	3.4647e+19	1.3208e+18	5.4915e+22	1.1655e+22	2.5166e+16	6.2742e+14	2.023e+42	4.4588e+42	
62247	4/23/2019 	17:17:19	79.3		0.00029531	-1.0046	0.00093306	-2.7903e+25	1.9807e+24	3.7713e+19	1.3279e+18	5.4448e+22	1.1713e+22	2.7161e+16	6.3131e+14	9.3774e+41	4.4826e+42	
62248	4/23/2019 	17:22:54	80.2		0.00029937	-0.99948	0.0009394	-3.077e+25	1.994e+24	4.1164e+19	1.3366e+18	5.704e+22	1.1797e+22	3.0804e+16	6.3521e+14	-2.3288e+41	4.5129e+42	
62249	4/23/2019 	17:29:34	81.3		0.00036132	-1.0128	0.0010319	-3.7953e+25	2.19e+24	4.796e+19	1.4688e+18	4.7019e+22	1.2959e+22	3.5359e+16	6.9721e+14	-8.7576e+41	4.9572e+42	
62250	4/23/2019 	17:36:15	82.4		0.00038059	-1.0084	0.001059	-4.3704e+25	2.2476e+24	5.5791e+19	1.5073e+18	4.6491e+22	1.3302e+22	4.1756e+16	7.1542e+14	-5.2961e+42	5.0878e+42	
62251	4/23/2019 	17:45:36	83.8		0.00051136	-1.0127	0.0012275	-5.0121e+25	2.6051e+24	6.9735e+19	1.747e+18	4.3714e+22	1.542e+22	5.2979e+16	8.2896e+14	-9.9987e+42	5.8969e+42	
62252	4/23/2019 	17:57:44	85.8		0.00076273	-1.0173	0.0014991	-5.7951e+25	3.1813e+24	9.7234e+19	2.1338e+18	4.0508e+22	1.8832e+22	7.471e+16	1.0121e+15	-1.8825e+43	7.2018e+42	
62253	4/23/2019 	18:13:10	88.2		0.001797	-1.0244	0.0023008	-7.0029e+25	4.8823e+24	1.459e+20	3.2747e+18	4.5995e+22	2.8913e+22	1.1517e+17	1.5522e+15	-3.3224e+43	1.1053e+43	
